 time            time            v(net1)        
 4.00000000e-13  4.00000000e-13  5.13024882e-02 
 8.00000000e-13  8.00000000e-13  5.75927736e-02 
 1.60000000e-12  1.60000000e-12  6.84716731e-02 
 3.20000000e-12  3.20000000e-12  8.42325767e-02 
 6.40000000e-12  6.40000000e-12  1.00544595e-01 
 1.28000000e-11  1.28000000e-11  1.04406283e-01 
 2.56000000e-11  2.56000000e-11  5.40732927e-02 
 4.00000000e-11  4.00000000e-11  1.69497207e-02 
 4.25600000e-11  4.25600000e-11  1.53020674e-02 
 4.76800000e-11  4.76800000e-11  1.41528408e-02 
 5.79200000e-11  5.79200000e-11  1.38963346e-02 
 7.84000000e-11  7.84000000e-11  1.45466774e-02 
 1.18400000e-10  1.18400000e-10  1.63347550e-02 
 1.58400000e-10  1.58400000e-10  1.81555944e-02 
 1.98400000e-10  1.98400000e-10  1.99325684e-02 
 2.38400000e-10  2.38400000e-10  2.16902738e-02 
 2.78400000e-10  2.78400000e-10  2.34442470e-02 
 3.18400000e-10  3.18400000e-10  2.51969848e-02 
 3.58400000e-10  3.58400000e-10  2.69482688e-02 
 3.98400000e-10  3.98400000e-10  2.86979377e-02 
 4.38400000e-10  4.38400000e-10  3.04460355e-02 
 4.78400000e-10  4.78400000e-10  3.21926630e-02 
 5.18400000e-10  5.18400000e-10  3.39379178e-02 
 5.58400000e-10  5.58400000e-10  3.56818863e-02 
 5.98400000e-10  5.98400000e-10  3.74246455e-02 
 6.38400000e-10  6.38400000e-10  3.91662647e-02 
 6.78400000e-10  6.78400000e-10  4.09068064e-02 
 7.18400000e-10  7.18400000e-10  4.26463259e-02 
 7.58400000e-10  7.58400000e-10  4.43848724e-02 
 7.98400000e-10  7.98400000e-10  4.61224885e-02 
 8.38400000e-10  8.38400000e-10  4.78592113e-02 
 8.78400000e-10  8.78400000e-10  4.95950720e-02 
 9.18400000e-10  9.18400000e-10  5.13300964e-02 
 9.58400000e-10  9.58400000e-10  5.30643054e-02 
 9.98400000e-10  9.98400000e-10  5.47977147e-02 
 1.03840000e-09  1.03840000e-09  5.65303350e-02 
 1.07840000e-09  1.07840000e-09  5.82621722e-02 
 1.11840000e-09  1.11840000e-09  5.99932275e-02 
 1.15840000e-09  1.15840000e-09  6.17234966e-02 
 1.19840000e-09  1.19840000e-09  6.34529705e-02 
 1.23840000e-09  1.23840000e-09  6.51816345e-02 
 1.27840000e-09  1.27840000e-09  6.69094683e-02 
 1.31840000e-09  1.31840000e-09  6.86364454e-02 
 1.35840000e-09  1.35840000e-09  7.03625330e-02 
 1.39840000e-09  1.39840000e-09  7.20876909e-02 
 1.43840000e-09  1.43840000e-09  7.38118713e-02 
 1.47840000e-09  1.47840000e-09  7.55350179e-02 
 1.51840000e-09  1.51840000e-09  7.72570652e-02 
 1.55840000e-09  1.55840000e-09  7.89779372e-02 
 1.59840000e-09  1.59840000e-09  8.06975464e-02 
 1.63840000e-09  1.63840000e-09  8.24157923e-02 
 1.67840000e-09  1.67840000e-09  8.41325599e-02 
 1.71840000e-09  1.71840000e-09  8.58477177e-02 
 1.75840000e-09  1.75840000e-09  8.75611150e-02 
 1.79840000e-09  1.79840000e-09  8.92725796e-02 
 1.83840000e-09  1.83840000e-09  9.09819142e-02 
 1.87840000e-09  1.87840000e-09  9.26888920e-02 
 1.91840000e-09  1.91840000e-09  9.43932518e-02 
 1.95840000e-09  1.95840000e-09  9.60946912e-02 
 1.99840000e-09  1.99840000e-09  9.77928590e-02 
 2.03840000e-09  2.03840000e-09  9.94873446e-02 
 2.07840000e-09  2.07840000e-09  1.01177665e-01 
 2.11840000e-09  2.11840000e-09  1.02863246e-01 
 2.15840000e-09  2.15840000e-09  1.04543403e-01 
 2.19840000e-09  2.19840000e-09  1.06217308e-01 
 2.23840000e-09  2.23840000e-09  1.07880928e-01 
 2.27840000e-09  2.27840000e-09  1.09538165e-01 
 2.31840000e-09  2.31840000e-09  1.11185517e-01 
 2.35840000e-09  2.35840000e-09  1.12820788e-01 
 2.39840000e-09  2.39840000e-09  1.14441302e-01 
 2.43840000e-09  2.43840000e-09  1.16043674e-01 
 2.47840000e-09  2.47840000e-09  1.17623605e-01 
 2.51840000e-09  2.51840000e-09  1.19175716e-01 
 2.55840000e-09  2.55840000e-09  1.20693580e-01 
 2.59840000e-09  2.59840000e-09  1.22170361e-01 
 2.63840000e-09  2.63840000e-09  1.23601070e-01 
 2.67840000e-09  2.67840000e-09  1.24989726e-01 
 2.71840000e-09  2.71840000e-09  1.26375430e-01 
 2.75840000e-09  2.75840000e-09  1.27966380e-01 
 2.79840000e-09  2.79840000e-09  1.31646136e-01 
 2.83840000e-09  2.83840000e-09  2.48939911e-01 
 2.87840000e-09  2.87840000e-09  2.28560065e-01 
 2.91840000e-09  2.91840000e-09  1.62323955e-01 
 2.95840000e-09  2.95840000e-09  9.84062903e-02 
 2.99840000e-09  2.99840000e-09 -6.16690720e-02 
 3.03840000e-09  3.03840000e-09 -7.24025760e-02 
 3.07840000e-09  3.07840000e-09 -7.08706995e-02 
 3.11840000e-09  3.11840000e-09 -6.85566762e-02 
 3.15840000e-09  3.15840000e-09 -6.60893763e-02 
 3.19840000e-09  3.19840000e-09 -6.35997333e-02 
 3.23840000e-09  3.23840000e-09 -6.11378972e-02 
 3.27840000e-09  3.27840000e-09 -5.87258578e-02 
 3.31840000e-09  3.31840000e-09 -5.63685466e-02 
 3.35840000e-09  3.35840000e-09 -5.40635350e-02 
 3.39840000e-09  3.39840000e-09 -5.18063895e-02 
 3.43840000e-09  3.43840000e-09 -4.95925633e-02 
 3.47840000e-09  3.47840000e-09 -4.74178826e-02 
 3.51840000e-09  3.51840000e-09 -4.52786238e-02 
 3.55840000e-09  3.55840000e-09 -4.31714886e-02 
 3.59840000e-09  3.59840000e-09 -4.10935562e-02 
 3.63840000e-09  3.63840000e-09 -3.90422353e-02 
 3.67840000e-09  3.67840000e-09 -3.70152196e-02 
 3.71840000e-09  3.71840000e-09 -3.50104492e-02 
 3.75840000e-09  3.75840000e-09 -3.30260785e-02 
 3.79840000e-09  3.79840000e-09 -3.10604475e-02 
 3.83840000e-09  3.83840000e-09 -2.91120589e-02 
 3.87840000e-09  3.87840000e-09 -2.71795572e-02 
 3.91840000e-09  3.91840000e-09 -2.52617119e-02 
 3.95840000e-09  3.95840000e-09 -2.33574027e-02 
 3.99840000e-09  3.99840000e-09 -2.14656071e-02 
 4.03840000e-09  4.03840000e-09 -1.95853898e-02 
 4.07840000e-09  4.07840000e-09 -1.77158933e-02 
 4.11840000e-09  4.11840000e-09 -1.58563302e-02 
 4.15840000e-09  4.15840000e-09 -1.40059763e-02 
 4.19840000e-09  4.19840000e-09 -1.21641649e-02 
 4.23840000e-09  4.23840000e-09 -1.03302812e-02 
 4.27840000e-09  4.27840000e-09 -8.50375808e-03 
 4.31840000e-09  4.31840000e-09 -6.68407194e-03 
 4.35840000e-09  4.35840000e-09 -4.87073907e-03 
 4.39840000e-09  4.39840000e-09 -3.06331239e-03 
 4.43840000e-09  4.43840000e-09 -1.26137849e-03 
 4.47840000e-09  4.47840000e-09  5.35445042e-04 
 4.51840000e-09  4.51840000e-09  2.32751216e-03 
 4.55840000e-09  4.55840000e-09  4.11515064e-03 
 4.59840000e-09  4.59840000e-09  5.89866428e-03 
 4.63840000e-09  4.63840000e-09  7.67833484e-03 
 4.67840000e-09  4.67840000e-09  9.45442390e-03 
 4.71840000e-09  4.71840000e-09  1.12271745e-02 
 4.75840000e-09  4.75840000e-09  1.29968127e-02 
 4.79840000e-09  4.79840000e-09  1.47635488e-02 
 4.83840000e-09  4.83840000e-09  1.65275786e-02 
 4.87840000e-09  4.87840000e-09  1.82890845e-02 
 4.91840000e-09  4.91840000e-09  2.00482366e-02 
 4.95840000e-09  4.95840000e-09  2.18051931e-02 
 4.99840000e-09  4.99840000e-09  2.35601013e-02 
 5.03840000e-09  5.03840000e-09  2.53130983e-02 
 5.07840000e-09  5.07840000e-09  2.70643111e-02 
 5.11840000e-09  5.11840000e-09  2.88138577e-02 
 5.15840000e-09  5.15840000e-09  3.05618469e-02 
 5.19840000e-09  5.19840000e-09  3.23083791e-02 
 5.23840000e-09  5.23840000e-09  3.40535463e-02 
 5.27840000e-09  5.27840000e-09  3.57974325e-02 
 5.31840000e-09  5.31840000e-09  3.75401141e-02 
 5.35840000e-09  5.35840000e-09  3.92816601e-02 
 5.39840000e-09  5.39840000e-09  4.10221323e-02 
 5.43840000e-09  5.43840000e-09  4.27615859e-02 
 5.47840000e-09  5.47840000e-09  4.45000694e-02 
 5.51840000e-09  5.51840000e-09  4.62376253e-02 
 5.55840000e-09  5.55840000e-09  4.79742900e-02 
 5.59840000e-09  5.59840000e-09  4.97100945e-02 
 5.63840000e-09  5.63840000e-09  5.14450644e-02 
 5.67840000e-09  5.67840000e-09  5.31792199e-02 
 5.71840000e-09  5.71840000e-09  5.49125766e-02 
 5.75840000e-09  5.75840000e-09  5.66451449e-02 
 5.79840000e-09  5.79840000e-09  5.83769303e-02 
 5.83840000e-09  5.83840000e-09  6.01079336e-02 
 5.87840000e-09  5.87840000e-09  6.18381504e-02 
 5.91840000e-09  5.91840000e-09  6.35675711e-02 
 5.95840000e-09  5.95840000e-09  6.52961808e-02 
 5.99840000e-09  5.99840000e-09  6.70239587e-02 
 6.03840000e-09  6.03840000e-09  6.87508780e-02 
 6.07840000e-09  6.07840000e-09  7.04769052e-02 
 6.11840000e-09  6.11840000e-09  7.22019999e-02 
 6.15840000e-09  6.15840000e-09  7.39261136e-02 
 6.19840000e-09  6.19840000e-09  7.56491896e-02 
 6.23840000e-09  6.23840000e-09  7.73711615e-02 
 6.27840000e-09  6.27840000e-09  7.90919526e-02 
 6.31840000e-09  6.31840000e-09  8.08114747e-02 
 6.35840000e-09  6.35840000e-09  8.25296263e-02 
 6.39840000e-09  6.39840000e-09  8.42462915e-02 
 6.43840000e-09  6.43840000e-09  8.59613374e-02 
 6.47840000e-09  6.47840000e-09  8.76746122e-02 
 6.51840000e-09  6.51840000e-09  8.93859421e-02 
 6.55840000e-09  6.55840000e-09  9.10951279e-02 
 6.59840000e-09  6.59840000e-09  9.28019407e-02 
 6.63840000e-09  6.63840000e-09  9.45061167e-02 
 6.67840000e-09  6.67840000e-09  9.62073507e-02 
 6.71840000e-09  6.71840000e-09  9.79052879e-02 
 6.75840000e-09  6.75840000e-09  9.95995132e-02 
 6.79840000e-09  6.79840000e-09  1.01289538e-01 
 6.83840000e-09  6.83840000e-09  1.02974782e-01 
 6.87840000e-09  6.87840000e-09  1.04654552e-01 
 6.91840000e-09  6.91840000e-09  1.06328010e-01 
 6.95840000e-09  6.95840000e-09  1.07991078e-01 
 6.99840000e-09  6.99840000e-09  1.09647684e-01 
 7.03840000e-09  7.03840000e-09  1.11294289e-01 
 7.07840000e-09  7.07840000e-09  1.12928661e-01 
 7.11840000e-09  7.11840000e-09  1.14548083e-01 
 7.15840000e-09  7.15840000e-09  1.16149110e-01 
 7.19840000e-09  7.19840000e-09  1.17727376e-01 
 7.23840000e-09  7.23840000e-09  1.19277427e-01 
 7.27840000e-09  7.27840000e-09  1.20792778e-01 
 7.31840000e-09  7.31840000e-09  1.22266617e-01 
 7.35840000e-09  7.35840000e-09  1.23694241e-01 
 7.39840000e-09  7.39840000e-09  1.25080805e-01 
 7.43840000e-09  7.43840000e-09  1.26469989e-01 
 7.47840000e-09  7.47840000e-09  1.28095724e-01 
 7.51840000e-09  7.51840000e-09  1.32361193e-01 
 7.55840000e-09  7.55840000e-09  2.49255540e-01 
 7.59840000e-09  7.59840000e-09  2.28223265e-01 
 7.63840000e-09  7.63840000e-09  1.61926499e-01 
 7.67840000e-09  7.67840000e-09  9.80463619e-02 
 7.71840000e-09  7.71840000e-09 -6.17392215e-02 
 7.75840000e-09  7.75840000e-09 -7.24091287e-02 
 7.79840000e-09  7.79840000e-09 -7.08674417e-02 
 7.83840000e-09  7.83840000e-09 -6.85509941e-02 
 7.87840000e-09  7.87840000e-09 -6.60829902e-02 
 7.91840000e-09  7.91840000e-09 -6.35932002e-02 
 7.95840000e-09  7.95840000e-09 -6.11314254e-02 
 7.99840000e-09  7.99840000e-09 -5.87195137e-02 
 8.03840000e-09  8.03840000e-09 -5.63623409e-02 
 8.07840000e-09  8.07840000e-09 -5.40574610e-02 
 8.11840000e-09  8.11840000e-09 -5.18004362e-02 
 8.15840000e-09  8.15840000e-09 -4.95867193e-02 
 8.19840000e-09  8.19840000e-09 -4.74121377e-02 
 8.23840000e-09  8.23840000e-09 -4.52729687e-02 
 8.27840000e-09  8.27840000e-09 -4.31659150e-02 
 8.31840000e-09  8.31840000e-09 -4.10880568e-02 
 8.35840000e-09  8.35840000e-09 -3.90368036e-02 
 8.39840000e-09  8.39840000e-09 -3.70098498e-02 
 8.43840000e-09  8.43840000e-09 -3.50051361e-02 
 8.47840000e-09  8.47840000e-09 -3.30208174e-02 
 8.51840000e-09  8.51840000e-09 -3.10552343e-02 
 8.55840000e-09  8.55840000e-09 -2.91068898e-02 
 8.59840000e-09  8.59840000e-09 -2.71744287e-02 
 8.63840000e-09  8.63840000e-09 -2.52566209e-02 
 8.67840000e-09  8.67840000e-09 -2.33523464e-02 
 8.71840000e-09  8.71840000e-09 -2.14605829e-02 
 8.75840000e-09  8.75840000e-09 -1.95803952e-02 
 8.79840000e-09  8.79840000e-09 -1.77109262e-02 
 8.83840000e-09  8.83840000e-09 -1.58513885e-02 
 8.87840000e-09  8.87840000e-09 -1.40010583e-02 
 8.91840000e-09  8.91840000e-09 -1.21592688e-02 
 8.95840000e-09  8.95840000e-09 -1.03254054e-02 
 8.99840000e-09  8.99840000e-09 -8.49890121e-03 
 9.03840000e-09  9.03840000e-09 -6.67923262e-03 
 9.07840000e-09  9.07840000e-09 -4.86591606e-03 
 9.11840000e-09  9.11840000e-09 -3.05850455e-03 
 9.15840000e-09  9.15840000e-09 -1.25658476e-03 
 9.19840000e-09  9.19840000e-09  5.40225642e-04 
 9.23840000e-09  9.23840000e-09  2.33228054e-03 
 9.27840000e-09  9.27840000e-09  4.11990764e-03 
 9.31840000e-09  9.31840000e-09  5.90341067e-03 
 9.35840000e-09  9.35840000e-09  7.68307135e-03 
 9.39840000e-09  9.39840000e-09  9.45915120e-03 
 9.43840000e-09  9.43840000e-09  1.12318932e-02 
 9.47840000e-09  9.47840000e-09  1.30015234e-02 
 9.51840000e-09  9.51840000e-09  1.47682520e-02 
 9.55840000e-09  9.55840000e-09  1.65322749e-02 
 9.59840000e-09  9.59840000e-09  1.82937743e-02 
 9.63840000e-09  9.63840000e-09  2.00529204e-02 
 9.67840000e-09  9.67840000e-09  2.18098712e-02 
 9.71840000e-09  9.71840000e-09  2.35647742e-02 
 9.75840000e-09  9.75840000e-09  2.53177662e-02 
 9.79840000e-09  9.79840000e-09  2.70689744e-02 
 9.83840000e-09  9.83840000e-09  2.88185167e-02 
 9.87840000e-09  9.87840000e-09  3.05665019e-02 
 9.91840000e-09  9.91840000e-09  3.23130304e-02 
 9.95840000e-09  9.95840000e-09  3.40581940e-02 
 9.99840000e-09  9.99840000e-09  3.58020769e-02 
 1.00384000e-08  1.00384000e-08  3.75447554e-02 
 1.00784000e-08  1.00784000e-08  3.92862985e-02 
 1.01184000e-08  1.01184000e-08  4.10267679e-02 
 1.01584000e-08  1.01584000e-08  4.27662189e-02 
 1.01984000e-08  1.01984000e-08  4.45046999e-02 
 1.02384000e-08  1.02384000e-08  4.62422533e-02 
 1.02784000e-08  1.02784000e-08  4.79789157e-02 
 1.03184000e-08  1.03184000e-08  4.97147179e-02 
 1.03584000e-08  1.03584000e-08  5.14496856e-02 
 1.03984000e-08  1.03984000e-08  5.31838390e-02 
 1.04384000e-08  1.04384000e-08  5.49171936e-02 
 1.04784000e-08  1.04784000e-08  5.66497598e-02 
 1.05184000e-08  1.05184000e-08  5.83815431e-02 
 1.05584000e-08  1.05584000e-08  6.01125443e-02 
 1.05984000e-08  1.05984000e-08  6.18427590e-02 
 1.06384000e-08  1.06384000e-08  6.35721776e-02 
 1.06784000e-08  1.06784000e-08  6.53007850e-02 
 1.07184000e-08  1.07184000e-08  6.70285607e-02 
 1.07584000e-08  1.07584000e-08  6.87554777e-02 
 1.07984000e-08  1.07984000e-08  7.04815025e-02 
 1.08384000e-08  1.08384000e-08  7.22065946e-02 
 1.08784000e-08  1.08784000e-08  7.39307057e-02 
 1.09184000e-08  1.09184000e-08  7.56537788e-02 
 1.09584000e-08  1.09584000e-08  7.73757476e-02 
 1.09984000e-08  1.09984000e-08  7.90965355e-02 
 1.10384000e-08  1.10384000e-08  8.08160540e-02 
 1.10784000e-08  1.10784000e-08  8.25342019e-02 
 1.11184000e-08  1.11184000e-08  8.42508630e-02 
 1.11584000e-08  1.11584000e-08  8.59659044e-02 
 1.11984000e-08  1.11984000e-08  8.76791742e-02 
 1.12384000e-08  1.12384000e-08  8.93904987e-02 
 1.12784000e-08  1.12784000e-08  9.10996784e-02 
 1.13184000e-08  1.13184000e-08  9.28064846e-02 
 1.13584000e-08  1.13584000e-08  9.45106532e-02 
 1.13984000e-08  1.13984000e-08  9.62118789e-02 
 1.14384000e-08  1.14384000e-08  9.79098068e-02 
 1.14784000e-08  1.14784000e-08  9.96040216e-02 
 1.15184000e-08  1.15184000e-08  1.01294034e-01 
 1.15584000e-08  1.15584000e-08  1.02979265e-01 
 1.15984000e-08  1.15984000e-08  1.04659020e-01 
 1.16384000e-08  1.16384000e-08  1.06332459e-01 
 1.16784000e-08  1.16784000e-08  1.07995505e-01 
 1.17184000e-08  1.17184000e-08  1.09652086e-01 
 1.17584000e-08  1.17584000e-08  1.11298661e-01 
 1.17984000e-08  1.17984000e-08  1.12932996e-01 
 1.18384000e-08  1.18384000e-08  1.14552374e-01 
 1.18784000e-08  1.18784000e-08  1.16153346e-01 
 1.19184000e-08  1.19184000e-08  1.17731545e-01 
 1.19584000e-08  1.19584000e-08  1.19281512e-01 
 1.19984000e-08  1.19984000e-08  1.20796761e-01 
 1.20384000e-08  1.20384000e-08  1.22270482e-01 
 1.20784000e-08  1.20784000e-08  1.23697982e-01 
 1.21184000e-08  1.21184000e-08  1.25084466e-01 
 1.21584000e-08  1.21584000e-08  1.26473805e-01 
 1.21984000e-08  1.21984000e-08  1.28101040e-01 
 1.22384000e-08  1.22384000e-08  1.32395378e-01 
 1.22784000e-08  1.22784000e-08  2.49272285e-01 
 1.23184000e-08  1.23184000e-08  2.28207223e-01 
 1.23584000e-08  1.23584000e-08  1.61907052e-01 
 1.23984000e-08  1.23984000e-08  9.80286331e-02 
 1.24384000e-08  1.24384000e-08 -6.17432563e-02 
 1.24784000e-08  1.24784000e-08 -7.24094228e-02 
 1.25184000e-08  1.25184000e-08 -7.08672320e-02 
 1.25584000e-08  1.25584000e-08 -6.85506696e-02 
 1.25984000e-08  1.25984000e-08 -6.60826332e-02 
 1.26384000e-08  1.26384000e-08 -6.35928375e-02 
 1.26784000e-08  1.26784000e-08 -6.11310669e-02 
 1.27184000e-08  1.27184000e-08 -5.87191625e-02 
 1.27584000e-08  1.27584000e-08 -5.63619975e-02 
 1.27984000e-08  1.27984000e-08 -5.40571248e-02 
 1.28384000e-08  1.28384000e-08 -5.18001067e-02 
 1.28784000e-08  1.28784000e-08 -4.95863960e-02 
 1.29184000e-08  1.29184000e-08 -4.74118198e-02 
 1.29584000e-08  1.29584000e-08 -4.52726558e-02 
 1.29984000e-08  1.29984000e-08 -4.31656065e-02 
 1.30384000e-08  1.30384000e-08 -4.10877525e-02 
 1.30784000e-08  1.30784000e-08 -3.90365031e-02 
 1.31184000e-08  1.31184000e-08 -3.70095526e-02 
 1.31584000e-08  1.31584000e-08 -3.50048421e-02 
 1.31984000e-08  1.31984000e-08 -3.30205263e-02 
 1.32384000e-08  1.32384000e-08 -3.10549459e-02 
 1.32784000e-08  1.32784000e-08 -2.91066038e-02 
 1.33184000e-08  1.33184000e-08 -2.71741449e-02 
 1.33584000e-08  1.33584000e-08 -2.52563392e-02 
 1.33984000e-08  1.33984000e-08 -2.33520666e-02 
 1.34384000e-08  1.34384000e-08 -2.14603048e-02 
 1.34784000e-08  1.34784000e-08 -1.95801188e-02 
 1.35184000e-08  1.35184000e-08 -1.77106513e-02 
 1.35584000e-08  1.35584000e-08 -1.58511151e-02 
 1.35984000e-08  1.35984000e-08 -1.40007862e-02 
 1.36384000e-08  1.36384000e-08 -1.21589979e-02 
 1.36784000e-08  1.36784000e-08 -1.03251356e-02 
 1.37184000e-08  1.37184000e-08 -8.49863245e-03 
 1.37584000e-08  1.37584000e-08 -6.67896484e-03 
 1.37984000e-08  1.37984000e-08 -4.86564918e-03 
 1.38384000e-08  1.38384000e-08 -3.05823851e-03 
 1.38784000e-08  1.38784000e-08 -1.25631950e-03 
 1.39184000e-08  1.39184000e-08  5.40490176e-04 
 1.39584000e-08  1.39584000e-08  2.33254439e-03 
 1.39984000e-08  1.39984000e-08  4.12017087e-03 
 1.40384000e-08  1.40384000e-08  5.90367331e-03 
 1.40784000e-08  1.40784000e-08  7.68333345e-03 
 1.41184000e-08  1.41184000e-08  9.45941279e-03 
 1.41584000e-08  1.41584000e-08  1.12321543e-02 
 1.41984000e-08  1.41984000e-08  1.30017841e-02 
 1.42384000e-08  1.42384000e-08  1.47685123e-02 
 1.42784000e-08  1.42784000e-08  1.65325347e-02 
 1.43184000e-08  1.43184000e-08  1.82940338e-02 
 1.43584000e-08  1.43584000e-08  2.00531796e-02 
 1.43984000e-08  1.43984000e-08  2.18101301e-02 
 1.44384000e-08  1.44384000e-08  2.35650327e-02 
 1.44784000e-08  1.44784000e-08  2.53180245e-02 
 1.45184000e-08  1.45184000e-08  2.70692325e-02 
 1.45584000e-08  1.45584000e-08  2.88187745e-02 
 1.45984000e-08  1.45984000e-08  3.05667595e-02 
 1.46384000e-08  1.46384000e-08  3.23132878e-02 
 1.46784000e-08  1.46784000e-08  3.40584512e-02 
 1.47184000e-08  1.47184000e-08  3.58023339e-02 
 1.47584000e-08  1.47584000e-08  3.75450122e-02 
 1.47984000e-08  1.47984000e-08  3.92865551e-02 
 1.48384000e-08  1.48384000e-08  4.10270244e-02 
 1.48784000e-08  1.48784000e-08  4.27664752e-02 
 1.49184000e-08  1.49184000e-08  4.45049561e-02 
 1.49584000e-08  1.49584000e-08  4.62425094e-02 
 1.49984000e-08  1.49984000e-08  4.79791717e-02 
 1.50384000e-08  1.50384000e-08  4.97149738e-02 
 1.50784000e-08  1.50784000e-08  5.14499413e-02 
 1.51184000e-08  1.51184000e-08  5.31840946e-02 
 1.51584000e-08  1.51584000e-08  5.49174491e-02 
 1.51984000e-08  1.51984000e-08  5.66500151e-02 
 1.52384000e-08  1.52384000e-08  5.83817984e-02 
 1.52784000e-08  1.52784000e-08  6.01127995e-02 
 1.53184000e-08  1.53184000e-08  6.18430140e-02 
 1.53584000e-08  1.53584000e-08  6.35724325e-02 
 1.53984000e-08  1.53984000e-08  6.53010398e-02 
 1.54384000e-08  1.54384000e-08  6.70288154e-02 
 1.54784000e-08  1.54784000e-08  6.87557322e-02 
 1.55184000e-08  1.55184000e-08  7.04817569e-02 
 1.55584000e-08  1.55584000e-08  7.22068489e-02 
 1.55984000e-08  1.55984000e-08  7.39309598e-02 
 1.56384000e-08  1.56384000e-08  7.56540327e-02 
 1.56784000e-08  1.56784000e-08  7.73760014e-02 
 1.57184000e-08  1.57184000e-08  7.90967891e-02 
 1.57584000e-08  1.57584000e-08  8.08163074e-02 
 1.57984000e-08  1.57984000e-08  8.25344551e-02 
 1.58384000e-08  1.58384000e-08  8.42511159e-02 
 1.58784000e-08  1.58784000e-08  8.59661571e-02 
 1.59184000e-08  1.59184000e-08  8.76794266e-02 
 1.59584000e-08  1.59584000e-08  8.93907508e-02 
 1.59984000e-08  1.59984000e-08  9.10999302e-02 
 1.60384000e-08  1.60384000e-08  9.28067360e-02 
 1.60784000e-08  1.60784000e-08  9.45109042e-02 
 1.61184000e-08  1.61184000e-08  9.62121295e-02 
 1.61584000e-08  1.61584000e-08  9.79100569e-02 
 1.61984000e-08  1.61984000e-08  9.96042711e-02 
 1.62384000e-08  1.62384000e-08  1.01294283e-01 
 1.62784000e-08  1.62784000e-08  1.02979513e-01 
 1.63184000e-08  1.63184000e-08  1.04659267e-01 
 1.63584000e-08  1.63584000e-08  1.06332705e-01 
 1.63984000e-08  1.63984000e-08  1.07995750e-01 
 1.64384000e-08  1.64384000e-08  1.09652329e-01 
 1.64784000e-08  1.64784000e-08  1.11298902e-01 
 1.65184000e-08  1.65184000e-08  1.12933236e-01 
 1.65584000e-08  1.65584000e-08  1.14552611e-01 
 1.65984000e-08  1.65984000e-08  1.16153581e-01 
 1.66384000e-08  1.66384000e-08  1.17731776e-01 
 1.66784000e-08  1.66784000e-08  1.19281738e-01 
 1.67184000e-08  1.67184000e-08  1.20796982e-01 
 1.67584000e-08  1.67584000e-08  1.22270695e-01 
 1.67984000e-08  1.67984000e-08  1.23698189e-01 
 1.68384000e-08  1.68384000e-08  1.25084668e-01 
 1.68784000e-08  1.68784000e-08  1.26474016e-01 
 1.69184000e-08  1.69184000e-08  1.28101335e-01 
 1.69584000e-08  1.69584000e-08  1.32397285e-01 
 1.69984000e-08  1.69984000e-08  2.49269144e-01 
 1.70384000e-08  1.70384000e-08  2.28206081e-01 
 1.70784000e-08  1.70784000e-08  1.61906526e-01 
 1.71184000e-08  1.71184000e-08  9.80281845e-02 
 1.71584000e-08  1.71584000e-08 -6.17429136e-02 
 1.71984000e-08  1.71984000e-08 -7.24095340e-02 
 1.72384000e-08  1.72384000e-08 -7.08673478e-02 
 1.72784000e-08  1.72784000e-08 -6.85507763e-02 
 1.73184000e-08  1.73184000e-08 -6.60827349e-02 
 1.73584000e-08  1.73584000e-08 -6.35929355e-02 
 1.73984000e-08  1.73984000e-08 -6.11311620e-02 
 1.74384000e-08  1.74384000e-08 -5.87192550e-02 
 1.74784000e-08  1.74784000e-08 -5.63620878e-02 
 1.75184000e-08  1.75184000e-08 -5.40572131e-02 
 1.75584000e-08  1.75584000e-08 -5.18001932e-02 
 1.75984000e-08  1.75984000e-08 -4.95864809e-02 
 1.76384000e-08  1.76384000e-08 -4.74119033e-02 
 1.76784000e-08  1.76784000e-08 -4.52727379e-02 
 1.77184000e-08  1.77184000e-08 -4.31656875e-02 
 1.77584000e-08  1.77584000e-08 -4.10878324e-02 
 1.77984000e-08  1.77984000e-08 -3.90365820e-02 
 1.78384000e-08  1.78384000e-08 -3.70096306e-02 
 1.78784000e-08  1.78784000e-08 -3.50049193e-02 
 1.79184000e-08  1.79184000e-08 -3.30206027e-02 
 1.79584000e-08  1.79584000e-08 -3.10550216e-02 
 1.79984000e-08  1.79984000e-08 -2.91066789e-02 
 1.80384000e-08  1.80384000e-08 -2.71742194e-02 
 1.80784000e-08  1.80784000e-08 -2.52564131e-02 
 1.81184000e-08  1.81184000e-08 -2.33521400e-02 
 1.81584000e-08  1.81584000e-08 -2.14603778e-02 
 1.81984000e-08  1.81984000e-08 -1.95801914e-02 
 1.82384000e-08  1.82384000e-08 -1.77107235e-02 
 1.82784000e-08  1.82784000e-08 -1.58511869e-02 
 1.83184000e-08  1.83184000e-08 -1.40008576e-02 
 1.83584000e-08  1.83584000e-08 -1.21590690e-02 
 1.83984000e-08  1.83984000e-08 -1.03252065e-02 
 1.84384000e-08  1.84384000e-08 -8.49870301e-03 
 1.84784000e-08  1.84784000e-08 -6.67903514e-03 
 1.85184000e-08  1.85184000e-08 -4.86571925e-03 
 1.85584000e-08  1.85584000e-08 -3.05830835e-03 
 1.85984000e-08  1.85984000e-08 -1.25638914e-03 
 1.86384000e-08  1.86384000e-08  5.40420727e-04 
 1.86784000e-08  1.86784000e-08  2.33247512e-03 
 1.87184000e-08  1.87184000e-08  4.12010176e-03 
 1.87584000e-08  1.87584000e-08  5.90360436e-03 
 1.87984000e-08  1.87984000e-08  7.68326464e-03 
 1.88384000e-08  1.88384000e-08  9.45934411e-03 
 1.88784000e-08  1.88784000e-08  1.12320858e-02 
 1.89184000e-08  1.89184000e-08  1.30017156e-02 
 1.89584000e-08  1.89584000e-08  1.47684439e-02 
 1.89984000e-08  1.89984000e-08  1.65324665e-02 
 1.90384000e-08  1.90384000e-08  1.82939657e-02 
 1.90784000e-08  1.90784000e-08  2.00531115e-02 
 1.91184000e-08  1.91184000e-08  2.18100621e-02 
 1.91584000e-08  1.91584000e-08  2.35649648e-02 
 1.91984000e-08  1.91984000e-08  2.53179567e-02 
 1.92384000e-08  1.92384000e-08  2.70691647e-02 
 1.92784000e-08  1.92784000e-08  2.88187068e-02 
 1.93184000e-08  1.93184000e-08  3.05666919e-02 
 1.93584000e-08  1.93584000e-08  3.23132202e-02 
 1.93984000e-08  1.93984000e-08  3.40583837e-02 
 1.94384000e-08  1.94384000e-08  3.58022665e-02 
 1.94784000e-08  1.94784000e-08  3.75449448e-02 
 1.95184000e-08  1.95184000e-08  3.92864877e-02 
 1.95584000e-08  1.95584000e-08  4.10269571e-02 
 1.95984000e-08  1.95984000e-08  4.27664079e-02 
 1.96384000e-08  1.96384000e-08  4.45048888e-02 
 1.96784000e-08  1.96784000e-08  4.62424422e-02 
 1.97184000e-08  1.97184000e-08  4.79791045e-02 
 1.97584000e-08  1.97584000e-08  4.97149066e-02 
 1.97984000e-08  1.97984000e-08  5.14498742e-02 
 1.98384000e-08  1.98384000e-08  5.31840275e-02 
 1.98784000e-08  1.98784000e-08  5.49173820e-02 
 1.99184000e-08  1.99184000e-08  5.66499481e-02 
 1.99584000e-08  1.99584000e-08  5.83817314e-02 
 1.99984000e-08  1.99984000e-08  6.01127325e-02 
 2.00384000e-08  2.00384000e-08  6.18429471e-02 
 2.00784000e-08  2.00784000e-08  6.35723655e-02 
 2.01184000e-08  2.01184000e-08  6.53009729e-02 
 2.01584000e-08  2.01584000e-08  6.70287485e-02 
 2.01984000e-08  2.01984000e-08  6.87556654e-02 
 2.02384000e-08  2.02384000e-08  7.04816901e-02 
 2.02784000e-08  2.02784000e-08  7.22067821e-02 
 2.03184000e-08  2.03184000e-08  7.39308931e-02 
 2.03584000e-08  2.03584000e-08  7.56539660e-02 
 2.03984000e-08  2.03984000e-08  7.73759347e-02 
 2.04384000e-08  2.04384000e-08  7.90967225e-02 
 2.04784000e-08  2.04784000e-08  8.08162409e-02 
 2.05184000e-08  2.05184000e-08  8.25343886e-02 
 2.05584000e-08  2.05584000e-08  8.42510495e-02 
 2.05984000e-08  2.05984000e-08  8.59660907e-02 
 2.06384000e-08  2.06384000e-08  8.76793604e-02 
 2.06784000e-08  2.06784000e-08  8.93906846e-02 
 2.07184000e-08  2.07184000e-08  9.10998641e-02 
 2.07584000e-08  2.07584000e-08  9.28066700e-02 
 2.07984000e-08  2.07984000e-08  9.45108383e-02 
 2.08384000e-08  2.08384000e-08  9.62120637e-02 
 2.08784000e-08  2.08784000e-08  9.79099912e-02 
 2.09184000e-08  2.09184000e-08  9.96042056e-02 
 2.09584000e-08  2.09584000e-08  1.01294218e-01 
 2.09984000e-08  2.09984000e-08  1.02979448e-01 
 2.10384000e-08  2.10384000e-08  1.04659202e-01 
 2.10784000e-08  2.10784000e-08  1.06332640e-01 
 2.11184000e-08  2.11184000e-08  1.07995685e-01 
 2.11584000e-08  2.11584000e-08  1.09652265e-01 
 2.11984000e-08  2.11984000e-08  1.11298839e-01 
 2.12384000e-08  2.12384000e-08  1.12933173e-01 
 2.12784000e-08  2.12784000e-08  1.14552549e-01 
 2.13184000e-08  2.13184000e-08  1.16153519e-01 
 2.13584000e-08  2.13584000e-08  1.17731715e-01 
 2.13984000e-08  2.13984000e-08  1.19281679e-01 
 2.14384000e-08  2.14384000e-08  1.20796924e-01 
 2.14784000e-08  2.14784000e-08  1.22270639e-01 
 2.15184000e-08  2.15184000e-08  1.23698135e-01 
 2.15584000e-08  2.15584000e-08  1.25084615e-01 
 2.15984000e-08  2.15984000e-08  1.26473960e-01 
 2.16384000e-08  2.16384000e-08  1.28101257e-01 
 2.16784000e-08  2.16784000e-08  1.32396785e-01 
 2.17184000e-08  2.17184000e-08  2.49269741e-01 
 2.17584000e-08  2.17584000e-08  2.28206366e-01 
 2.17984000e-08  2.17984000e-08  1.61906693e-01 
 2.18384000e-08  2.18384000e-08  9.80283302e-02 
 2.18784000e-08  2.18784000e-08 -6.17457703e-02 
 2.19184000e-08  2.19184000e-08 -7.24094093e-02 
 2.19584000e-08  2.19584000e-08 -7.08671636e-02 
 2.19984000e-08  2.19984000e-08 -6.85506101e-02 
 2.20384000e-08  2.20384000e-08 -6.60825730e-02 
 2.20784000e-08  2.20784000e-08 -6.35927780e-02 
 2.21184000e-08  2.21184000e-08 -6.11310089e-02 
 2.21584000e-08  2.21584000e-08 -5.87191059e-02 
 2.21984000e-08  2.21984000e-08 -5.63619422e-02 
 2.22384000e-08  2.22384000e-08 -5.40570708e-02 
 2.22784000e-08  2.22784000e-08 -5.18000538e-02 
 2.23184000e-08  2.23184000e-08 -4.95863440e-02 
 2.23584000e-08  2.23584000e-08 -4.74117687e-02 
 2.23984000e-08  2.23984000e-08 -4.52726055e-02 
 2.24384000e-08  2.24384000e-08 -4.31655569e-02 
 2.24784000e-08  2.24784000e-08 -4.10877036e-02 
 2.25184000e-08  2.25184000e-08 -3.90364547e-02 
 2.25584000e-08  2.25584000e-08 -3.70095049e-02 
 2.25984000e-08  2.25984000e-08 -3.50047948e-02 
 2.26384000e-08  2.26384000e-08 -3.30204795e-02 
 2.26784000e-08  2.26784000e-08 -3.10548995e-02 
 2.27184000e-08  2.27184000e-08 -2.91065578e-02 
 2.27584000e-08  2.27584000e-08 -2.71740993e-02 
 2.27984000e-08  2.27984000e-08 -2.52562939e-02 
 2.28384000e-08  2.28384000e-08 -2.33520216e-02 
 2.28784000e-08  2.28784000e-08 -2.14602601e-02 
 2.29184000e-08  2.29184000e-08 -1.95800744e-02 
 2.29584000e-08  2.29584000e-08 -1.77106071e-02 
 2.29984000e-08  2.29984000e-08 -1.58510711e-02 
 2.30384000e-08  2.30384000e-08 -1.40007424e-02 
 2.30784000e-08  2.30784000e-08 -1.21589543e-02 
 2.31184000e-08  2.31184000e-08 -1.03250922e-02 
 2.31584000e-08  2.31584000e-08 -8.49858924e-03 
 2.31984000e-08  2.31984000e-08 -6.67892178e-03 
 2.32384000e-08  2.32384000e-08 -4.86560627e-03 
 2.32784000e-08  2.32784000e-08 -3.05819573e-03 
 2.33184000e-08  2.33184000e-08 -1.25627685e-03 
 2.33584000e-08  2.33584000e-08  5.40532714e-04 
 2.33984000e-08  2.33984000e-08  2.33258682e-03 
 2.34384000e-08  2.34384000e-08  4.12021319e-03 
 2.34784000e-08  2.34784000e-08  5.90371555e-03 
 2.35184000e-08  2.35184000e-08  7.68337559e-03 
 2.35584000e-08  2.35584000e-08  9.45945485e-03 
 2.35984000e-08  2.35984000e-08  1.12321963e-02 
 2.36384000e-08  2.36384000e-08  1.30018260e-02 
 2.36784000e-08  2.36784000e-08  1.47685541e-02 
 2.37184000e-08  2.37184000e-08  1.65325765e-02 
 2.37584000e-08  2.37584000e-08  1.82940756e-02 
 2.37984000e-08  2.37984000e-08  2.00532212e-02 
 2.38384000e-08  2.38384000e-08  2.18101717e-02 
 2.38784000e-08  2.38784000e-08  2.35650743e-02 
 2.39184000e-08  2.39184000e-08  2.53180660e-02 
 2.39584000e-08  2.39584000e-08  2.70692740e-02 
 2.39984000e-08  2.39984000e-08  2.88188160e-02 
 2.40384000e-08  2.40384000e-08  3.05668010e-02 
 2.40784000e-08  2.40784000e-08  3.23133291e-02 
 2.41184000e-08  2.41184000e-08  3.40584926e-02 
 2.41584000e-08  2.41584000e-08  3.58023752e-02 
 2.41984000e-08  2.41984000e-08  3.75450535e-02 
 2.42384000e-08  2.42384000e-08  3.92865964e-02 
 2.42784000e-08  2.42784000e-08  4.10270657e-02 
 2.43184000e-08  2.43184000e-08  4.27665165e-02 
 2.43584000e-08  2.43584000e-08  4.45049973e-02 
 2.43984000e-08  2.43984000e-08  4.62425506e-02 
 2.44384000e-08  2.44384000e-08  4.79792128e-02 
 2.44784000e-08  2.44784000e-08  4.97150149e-02 
 2.45184000e-08  2.45184000e-08  5.14499824e-02 
 2.45584000e-08  2.45584000e-08  5.31841357e-02 
 2.45984000e-08  2.45984000e-08  5.49174901e-02 
 2.46384000e-08  2.46384000e-08  5.66500562e-02 
 2.46784000e-08  2.46784000e-08  5.83818394e-02 
 2.47184000e-08  2.47184000e-08  6.01128405e-02 
 2.47584000e-08  2.47584000e-08  6.18430550e-02 
 2.47984000e-08  2.47984000e-08  6.35724734e-02 
 2.48384000e-08  2.48384000e-08  6.53010808e-02 
 2.48784000e-08  2.48784000e-08  6.70288563e-02 
 2.49184000e-08  2.49184000e-08  6.87557731e-02 
 2.49584000e-08  2.49584000e-08  7.04817978e-02 
 2.49984000e-08  2.49984000e-08  7.22068898e-02 
 2.50384000e-08  2.50384000e-08  7.39310006e-02 
 2.50784000e-08  2.50784000e-08  7.56540735e-02 
 2.51184000e-08  2.51184000e-08  7.73760422e-02 
 2.51584000e-08  2.51584000e-08  7.90968298e-02 
 2.51984000e-08  2.51984000e-08  8.08163482e-02 
 2.52384000e-08  2.52384000e-08  8.25344958e-02 
 2.52784000e-08  2.52784000e-08  8.42511566e-02 
 2.53184000e-08  2.53184000e-08  8.59661977e-02 
 2.53584000e-08  2.53584000e-08  8.76794672e-02 
 2.53984000e-08  2.53984000e-08  8.93907913e-02 
 2.54384000e-08  2.54384000e-08  9.10999707e-02 
 2.54784000e-08  2.54784000e-08  9.28067764e-02 
 2.55184000e-08  2.55184000e-08  9.45109446e-02 
 2.55584000e-08  2.55584000e-08  9.62121698e-02 
 2.55984000e-08  2.55984000e-08  9.79100971e-02 
 2.56384000e-08  2.56384000e-08  9.96043112e-02 
 2.56784000e-08  2.56784000e-08  1.01294323e-01 
 2.57184000e-08  2.57184000e-08  1.02979553e-01 
 2.57584000e-08  2.57584000e-08  1.04659307e-01 
 2.57984000e-08  2.57984000e-08  1.06332745e-01 
 2.58384000e-08  2.58384000e-08  1.07995789e-01 
 2.58784000e-08  2.58784000e-08  1.09652368e-01 
 2.59184000e-08  2.59184000e-08  1.11298941e-01 
 2.59584000e-08  2.59584000e-08  1.12933275e-01 
 2.59984000e-08  2.59984000e-08  1.14552649e-01 
 2.60384000e-08  2.60384000e-08  1.16153618e-01 
 2.60784000e-08  2.60784000e-08  1.17731813e-01 
 2.61184000e-08  2.61184000e-08  1.19281774e-01 
 2.61584000e-08  2.61584000e-08  1.20797017e-01 
 2.61984000e-08  2.61984000e-08  1.22270730e-01 
 2.62384000e-08  2.62384000e-08  1.23698223e-01 
 2.62784000e-08  2.62784000e-08  1.25084701e-01 
 2.63184000e-08  2.63184000e-08  1.26474050e-01 
 2.63584000e-08  2.63584000e-08  1.28101382e-01 
 2.63984000e-08  2.63984000e-08  1.32397592e-01 
 2.64384000e-08  2.64384000e-08  2.49268842e-01 
 2.64784000e-08  2.64784000e-08  2.28205911e-01 
 2.65184000e-08  2.65184000e-08  1.61906415e-01 
 2.65584000e-08  2.65584000e-08  9.80280870e-02 
 2.65984000e-08  2.65984000e-08 -6.17430881e-02 
 2.66384000e-08  2.66384000e-08 -7.24095547e-02 
 2.66784000e-08  2.66784000e-08 -7.08673594e-02 
 2.67184000e-08  2.67184000e-08 -6.85507874e-02 
 2.67584000e-08  2.67584000e-08 -6.60827455e-02 
 2.67984000e-08  2.67984000e-08 -6.35929458e-02 
 2.68384000e-08  2.68384000e-08 -6.11311719e-02 
 2.68784000e-08  2.68784000e-08 -5.87192647e-02 
 2.69184000e-08  2.69184000e-08 -5.63620972e-02 
 2.69584000e-08  2.69584000e-08 -5.40572223e-02 
 2.69984000e-08  2.69984000e-08 -5.18002023e-02 
 2.70384000e-08  2.70384000e-08 -4.95864897e-02 
 2.70784000e-08  2.70784000e-08 -4.74119120e-02 
 2.71184000e-08  2.71184000e-08 -4.52727465e-02 
 2.71584000e-08  2.71584000e-08 -4.31656960e-02 
 2.71984000e-08  2.71984000e-08 -4.10878407e-02 
 2.72384000e-08  2.72384000e-08 -3.90365902e-02 
 2.72784000e-08  2.72784000e-08 -3.70096388e-02 
 2.73184000e-08  2.73184000e-08 -3.50049274e-02 
 2.73584000e-08  2.73584000e-08 -3.30206107e-02 
 2.73984000e-08  2.73984000e-08 -3.10550295e-02 
 2.74384000e-08  2.74384000e-08 -2.91066867e-02 
 2.74784000e-08  2.74784000e-08 -2.71742272e-02 
 2.75184000e-08  2.75184000e-08 -2.52564209e-02 
 2.75584000e-08  2.75584000e-08 -2.33521477e-02 
 2.75984000e-08  2.75984000e-08 -2.14603855e-02 
 2.76384000e-08  2.76384000e-08 -1.95801990e-02 
 2.76784000e-08  2.76784000e-08 -1.77107310e-02 
 2.77184000e-08  2.77184000e-08 -1.58511944e-02 
 2.77584000e-08  2.77584000e-08 -1.40008651e-02 
 2.77984000e-08  2.77984000e-08 -1.21590764e-02 
 2.78384000e-08  2.78384000e-08 -1.03252139e-02 
 2.78784000e-08  2.78784000e-08 -8.49871038e-03 
 2.79184000e-08  2.79184000e-08 -6.67904249e-03 
 2.79584000e-08  2.79584000e-08 -4.86572657e-03 
 2.79984000e-08  2.79984000e-08 -3.05831565e-03 
 2.80384000e-08  2.80384000e-08 -1.25639642e-03 
 2.80784000e-08  2.80784000e-08  5.40413467e-04 
 2.81184000e-08  2.81184000e-08  2.33246788e-03 
 2.81584000e-08  2.81584000e-08  4.12009454e-03 
 2.81984000e-08  2.81984000e-08  5.90359715e-03 
 2.82384000e-08  2.82384000e-08  7.68325745e-03 
 2.82784000e-08  2.82784000e-08  9.45933693e-03 
 2.83184000e-08  2.83184000e-08  1.12320786e-02 
 2.83584000e-08  2.83584000e-08  1.30017085e-02 
 2.83984000e-08  2.83984000e-08  1.47684368e-02 
 2.84384000e-08  2.84384000e-08  1.65324594e-02 
 2.84784000e-08  2.84784000e-08  1.82939586e-02 
 2.85184000e-08  2.85184000e-08  2.00531044e-02 
 2.85584000e-08  2.85584000e-08  2.18100550e-02 
 2.85984000e-08  2.85984000e-08  2.35649578e-02 
 2.86384000e-08  2.86384000e-08  2.53179496e-02 
 2.86784000e-08  2.86784000e-08  2.70691576e-02 
 2.87184000e-08  2.87184000e-08  2.88186998e-02 
 2.87584000e-08  2.87584000e-08  3.05666848e-02 
 2.87984000e-08  2.87984000e-08  3.23132131e-02 
 2.88384000e-08  2.88384000e-08  3.40583766e-02 
 2.88784000e-08  2.88784000e-08  3.58022594e-02 
 2.89184000e-08  2.89184000e-08  3.75449378e-02 
 2.89584000e-08  2.89584000e-08  3.92864807e-02 
 2.89984000e-08  2.89984000e-08  4.10269501e-02 
 2.90384000e-08  2.90384000e-08  4.27664009e-02 
 2.90784000e-08  2.90784000e-08  4.45048818e-02 
 2.91184000e-08  2.91184000e-08  4.62424351e-02 
 2.91584000e-08  2.91584000e-08  4.79790974e-02 
 2.91984000e-08  2.91984000e-08  4.97148996e-02 
 2.92384000e-08  2.92384000e-08  5.14498672e-02 
 2.92784000e-08  2.92784000e-08  5.31840205e-02 
 2.93184000e-08  2.93184000e-08  5.49173750e-02 
 2.93584000e-08  2.93584000e-08  5.66499411e-02 
 2.93984000e-08  2.93984000e-08  5.83817244e-02 
 2.94384000e-08  2.94384000e-08  6.01127255e-02 
 2.94784000e-08  2.94784000e-08  6.18429401e-02 
 2.95184000e-08  2.95184000e-08  6.35723585e-02 
 2.95584000e-08  2.95584000e-08  6.53009659e-02 
 2.95984000e-08  2.95984000e-08  6.70287415e-02 
 2.96384000e-08  2.96384000e-08  6.87556584e-02 
 2.96784000e-08  2.96784000e-08  7.04816831e-02 
 2.97184000e-08  2.97184000e-08  7.22067751e-02 
 2.97584000e-08  2.97584000e-08  7.39308861e-02 
 2.97984000e-08  2.97984000e-08  7.56539591e-02 
 2.98384000e-08  2.98384000e-08  7.73759278e-02 
 2.98784000e-08  2.98784000e-08  7.90967155e-02 
 2.99184000e-08  2.99184000e-08  8.08162340e-02 
 2.99584000e-08  2.99584000e-08  8.25343817e-02 
 2.99984000e-08  2.99984000e-08  8.42510426e-02 
 3.00000000e-08  3.00000000e-08  8.43191777e-02 
