 time            time            v(net3)        
 4.00000000e-13  4.00000000e-13  5.03288056e-02 
 8.00000000e-13  8.00000000e-13  5.68283780e-02 
 1.60000000e-12  1.60000000e-12  6.80609313e-02 
 3.20000000e-12  3.20000000e-12  8.43145629e-02 
 6.40000000e-12  6.40000000e-12  1.01103352e-01 
 1.28000000e-11  1.28000000e-11  1.04788120e-01 
 2.56000000e-11  2.56000000e-11  4.92924016e-02 
 4.00000000e-11  4.00000000e-11  6.65174602e-03 
 4.25600000e-11  4.25600000e-11  4.32709922e-03 
 4.76800000e-11  4.76800000e-11  2.15182808e-03 
 5.79200000e-11  5.79200000e-11  6.38481160e-04 
 7.84000000e-11  7.84000000e-11 -2.89280720e-05 
 1.18400000e-10  1.18400000e-10  1.99746222e-05 
 1.58400000e-10  1.58400000e-10  1.71417738e-04 
 1.98400000e-10  1.98400000e-10  2.16300091e-04 
 2.38400000e-10  2.38400000e-10  2.18380294e-04 
 2.78400000e-10  2.78400000e-10  2.15444820e-04 
 3.18400000e-10  3.18400000e-10  2.14158724e-04 
 3.58400000e-10  3.58400000e-10  2.13820649e-04 
 3.98400000e-10  3.98400000e-10  2.13681544e-04 
 4.38400000e-10  4.38400000e-10  2.13544153e-04 
 4.78400000e-10  4.78400000e-10  2.13400992e-04 
 5.18400000e-10  5.18400000e-10  2.13264952e-04 
 5.58400000e-10  5.58400000e-10  2.13140568e-04 
 5.98400000e-10  5.98400000e-10  2.13027842e-04 
 6.38400000e-10  6.38400000e-10  2.12925915e-04 
 6.78400000e-10  6.78400000e-10  2.12834043e-04 
 7.18400000e-10  7.18400000e-10  2.12751638e-04 
 7.58400000e-10  7.58400000e-10  2.12678205e-04 
 7.98400000e-10  7.98400000e-10  2.12613312e-04 
 8.38400000e-10  8.38400000e-10  2.12556592e-04 
 8.78400000e-10  8.78400000e-10  2.12507740e-04 
 9.18400000e-10  9.18400000e-10  2.12466515e-04 
 9.58400000e-10  9.58400000e-10  2.12432738e-04 
 9.98400000e-10  9.98400000e-10  2.12406289e-04 
 1.03840000e-09  1.03840000e-09  2.12387105e-04 
 1.07840000e-09  1.07840000e-09  2.12375175e-04 
 1.11840000e-09  1.11840000e-09  2.12370541e-04 
 1.15840000e-09  1.15840000e-09  2.12373295e-04 
 1.19840000e-09  1.19840000e-09  2.12383577e-04 
 1.23840000e-09  1.23840000e-09  2.12401577e-04 
 1.27840000e-09  1.27840000e-09  2.12427533e-04 
 1.31840000e-09  1.31840000e-09  2.12461737e-04 
 1.35840000e-09  1.35840000e-09  2.12504531e-04 
 1.39840000e-09  1.39840000e-09  2.12556318e-04 
 1.43840000e-09  1.43840000e-09  2.12617560e-04 
 1.47840000e-09  1.47840000e-09  2.12688784e-04 
 1.51840000e-09  1.51840000e-09  2.12770589e-04 
 1.55840000e-09  1.55840000e-09  2.12863647e-04 
 1.59840000e-09  1.59840000e-09  2.12968712e-04 
 1.63840000e-09  1.63840000e-09  2.13086625e-04 
 1.67840000e-09  1.67840000e-09  2.13218315e-04 
 1.71840000e-09  1.71840000e-09  2.13364803e-04 
 1.75840000e-09  1.75840000e-09  2.13527205e-04 
 1.79840000e-09  1.79840000e-09  2.13706726e-04 
 1.83840000e-09  1.83840000e-09  2.13904652e-04 
 1.87840000e-09  1.87840000e-09  2.14122330e-04 
 1.91840000e-09  1.91840000e-09  2.14361134e-04 
 1.95840000e-09  1.95840000e-09  2.14622413e-04 
 1.99840000e-09  1.99840000e-09  2.14907403e-04 
 2.03840000e-09  2.03840000e-09  2.15217099e-04 
 2.07840000e-09  2.07840000e-09  2.15552049e-04 
 2.11840000e-09  2.11840000e-09  2.15912067e-04 
 2.15840000e-09  2.15840000e-09  2.16295800e-04 
 2.19840000e-09  2.19840000e-09  2.16700135e-04 
 2.23840000e-09  2.23840000e-09  2.15984071e-04 
 2.27840000e-09  2.27840000e-09  2.17130376e-04 
 2.31840000e-09  2.31840000e-09  2.17934232e-04 
 2.35840000e-09  2.35840000e-09  2.18477572e-04 
 2.39840000e-09  2.39840000e-09  2.18893074e-04 
 2.43840000e-09  2.43840000e-09  2.19254869e-04 
 2.47840000e-09  2.47840000e-09  2.19670502e-04 
 2.51840000e-09  2.51840000e-09  2.20446579e-04 
 2.55840000e-09  2.55840000e-09  2.22466233e-04 
 2.59840000e-09  2.59840000e-09  2.28149272e-04 
 2.63840000e-09  2.63840000e-09  2.44093055e-04 
 2.67840000e-09  2.67840000e-09  2.89273135e-04 
 2.71840000e-09  2.71840000e-09  4.25717605e-04 
 2.75840000e-09  2.75840000e-09  9.17387774e-04 
 2.79840000e-09  2.79840000e-09  4.00350169e-03 
 2.83840000e-09  2.83840000e-09  1.53672265e-01 
 2.87840000e-09  2.87840000e-09  1.91874648e-01 
 2.91840000e-09  2.91840000e-09  1.92223703e-01 
 2.95840000e-09  2.95840000e-09  1.73334037e-01 
 2.99840000e-09  2.99840000e-09  9.50426465e-03 
 3.03840000e-09  3.03840000e-09 -7.71217511e-04 
 3.07840000e-09  3.07840000e-09 -6.32869339e-05 
 3.11840000e-09  3.11840000e-09  2.76273914e-04 
 3.15840000e-09  3.15840000e-09  3.26146527e-04 
 3.19840000e-09  3.19840000e-09  3.12762016e-04 
 3.23840000e-09  3.23840000e-09  2.99849721e-04 
 3.27840000e-09  3.27840000e-09  2.91263680e-04 
 3.31840000e-09  3.31840000e-09  2.84342563e-04 
 3.35840000e-09  3.35840000e-09  2.78168547e-04 
 3.39840000e-09  3.39840000e-09  2.72595005e-04 
 3.43840000e-09  3.43840000e-09  2.67571720e-04 
 3.47840000e-09  3.47840000e-09  2.63038488e-04 
 3.51840000e-09  3.51840000e-09  2.58935866e-04 
 3.55840000e-09  3.55840000e-09  2.55212250e-04 
 3.59840000e-09  3.59840000e-09  2.51823759e-04 
 3.63840000e-09  3.63840000e-09  2.48732833e-04 
 3.67840000e-09  3.67840000e-09  2.45907115e-04 
 3.71840000e-09  3.71840000e-09  2.43318617e-04 
 3.75840000e-09  3.75840000e-09  2.40943052e-04 
 3.79840000e-09  3.79840000e-09  2.38759276e-04 
 3.83840000e-09  3.83840000e-09  2.36748819e-04 
 3.87840000e-09  3.87840000e-09  2.34895483e-04 
 3.91840000e-09  3.91840000e-09  2.33185004e-04 
 3.95840000e-09  3.95840000e-09  2.31604770e-04 
 3.99840000e-09  3.99840000e-09  2.30143573e-04 
 4.03840000e-09  4.03840000e-09  2.28791414e-04 
 4.07840000e-09  4.07840000e-09  2.27539327e-04 
 4.11840000e-09  4.11840000e-09  2.26379238e-04 
 4.15840000e-09  4.15840000e-09  2.25303847e-04 
 4.19840000e-09  4.19840000e-09  2.24306530e-04 
 4.23840000e-09  4.23840000e-09  2.23381255e-04 
 4.27840000e-09  4.27840000e-09  2.22522515e-04 
 4.31840000e-09  4.31840000e-09  2.21725267e-04 
 4.35840000e-09  4.35840000e-09  2.20984888e-04 
 4.39840000e-09  4.39840000e-09  2.20297137e-04 
 4.43840000e-09  4.43840000e-09  2.19658113e-04 
 4.47840000e-09  4.47840000e-09  2.19064237e-04 
 4.51840000e-09  4.51840000e-09  2.18512221e-04 
 4.55840000e-09  4.55840000e-09  2.17999054e-04 
 4.59840000e-09  4.59840000e-09  2.17521980e-04 
 4.63840000e-09  4.63840000e-09  2.17078479e-04 
 4.67840000e-09  4.67840000e-09  2.16666248e-04 
 4.71840000e-09  4.71840000e-09  2.16283183e-04 
 4.75840000e-09  4.75840000e-09  2.15927355e-04 
 4.79840000e-09  4.79840000e-09  2.15596999e-04 
 4.83840000e-09  4.83840000e-09  2.15290491e-04 
 4.87840000e-09  4.87840000e-09  2.15006339e-04 
 4.91840000e-09  4.91840000e-09  2.14743160e-04 
 4.95840000e-09  4.95840000e-09  2.14499677e-04 
 4.99840000e-09  4.99840000e-09  2.14274699e-04 
 5.03840000e-09  5.03840000e-09  2.14067114e-04 
 5.07840000e-09  5.07840000e-09  2.13875880e-04 
 5.11840000e-09  5.11840000e-09  2.13700017e-04 
 5.15840000e-09  5.15840000e-09  2.13538601e-04 
 5.19840000e-09  5.19840000e-09  2.13390763e-04 
 5.23840000e-09  5.23840000e-09  2.13255682e-04 
 5.27840000e-09  5.27840000e-09  2.13132587e-04 
 5.31840000e-09  5.31840000e-09  2.13020761e-04 
 5.35840000e-09  5.35840000e-09  2.12919535e-04 
 5.39840000e-09  5.39840000e-09  2.12828299e-04 
 5.43840000e-09  5.43840000e-09  2.12746499e-04 
 5.47840000e-09  5.47840000e-09  2.12673644e-04 
 5.51840000e-09  5.51840000e-09  2.12609304e-04 
 5.55840000e-09  5.55840000e-09  2.12553114e-04 
 5.59840000e-09  5.59840000e-09  2.12504774e-04 
 5.63840000e-09  5.63840000e-09  2.12464047e-04 
 5.67840000e-09  5.67840000e-09  2.12430759e-04 
 5.71840000e-09  5.71840000e-09  2.12404793e-04 
 5.75840000e-09  5.75840000e-09  2.12386089e-04 
 5.79840000e-09  5.79840000e-09  2.12374641e-04 
 5.83840000e-09  5.83840000e-09  2.12370494e-04 
 5.87840000e-09  5.87840000e-09  2.12373742e-04 
 5.91840000e-09  5.91840000e-09  2.12384529e-04 
 5.95840000e-09  5.95840000e-09  2.12403048e-04 
 5.99840000e-09  5.99840000e-09  2.12429541e-04 
 6.03840000e-09  6.03840000e-09  2.12464303e-04 
 6.07840000e-09  6.07840000e-09  2.12507681e-04 
 6.11840000e-09  6.11840000e-09  2.12560079e-04 
 6.15840000e-09  6.15840000e-09  2.12621966e-04 
 6.19840000e-09  6.19840000e-09  2.12693872e-04 
 6.23840000e-09  6.23840000e-09  2.12776401e-04 
 6.27840000e-09  6.27840000e-09  2.12870230e-04 
 6.31840000e-09  6.31840000e-09  2.12976120e-04 
 6.35840000e-09  6.35840000e-09  2.13094916e-04 
 6.39840000e-09  6.39840000e-09  2.13227554e-04 
 6.43840000e-09  6.43840000e-09  2.13375061e-04 
 6.47840000e-09  6.47840000e-09  2.13538560e-04 
 6.51840000e-09  6.51840000e-09  2.13719261e-04 
 6.55840000e-09  6.55840000e-09  2.13918454e-04 
 6.59840000e-09  6.59840000e-09  2.14137489e-04 
 6.63840000e-09  6.63840000e-09  2.14377741e-04 
 6.67840000e-09  6.67840000e-09  2.14640555e-04 
 6.71840000e-09  6.71840000e-09  2.14927157e-04 
 6.75840000e-09  6.75840000e-09  2.15238515e-04 
 6.79840000e-09  6.79840000e-09  2.15575143e-04 
 6.83840000e-09  6.83840000e-09  2.15936790e-04 
 6.87840000e-09  6.87840000e-09  2.16322009e-04 
 6.91840000e-09  6.91840000e-09  2.16727542e-04 
 6.95840000e-09  6.95840000e-09  2.16000906e-04 
 6.99840000e-09  6.99840000e-09  2.17152294e-04 
 7.03840000e-09  7.03840000e-09  2.17959051e-04 
 7.07840000e-09  7.07840000e-09  2.18502536e-04 
 7.11840000e-09  7.11840000e-09  2.18916739e-04 
 7.15840000e-09  7.15840000e-09  2.19279012e-04 
 7.19840000e-09  7.19840000e-09  2.19705666e-04 
 7.23840000e-09  7.23840000e-09  2.20526950e-04 
 7.27840000e-09  7.27840000e-09  2.22688342e-04 
 7.31840000e-09  7.31840000e-09  2.28774885e-04 
 7.35840000e-09  7.35840000e-09  2.45845582e-04 
 7.39840000e-09  7.39840000e-09  2.94324914e-04 
 7.43840000e-09  7.43840000e-09  4.41764594e-04 
 7.47840000e-09  7.47840000e-09  9.82700098e-04 
 7.51840000e-09  7.51840000e-09  4.76642988e-03 
 7.55840000e-09  7.55840000e-09  1.54285344e-01 
 7.59840000e-09  7.59840000e-09  1.91908129e-01 
 7.63840000e-09  7.63840000e-09  1.92196950e-01 
 7.67840000e-09  7.67840000e-09  1.73047906e-01 
 7.71840000e-09  7.71840000e-09  9.45962071e-03 
 7.75840000e-09  7.75840000e-09 -7.70918434e-04 
 7.79840000e-09  7.79840000e-09 -6.21020707e-05 
 7.83840000e-09  7.83840000e-09  2.76513187e-04 
 7.87840000e-09  7.87840000e-09  3.26119256e-04 
 7.91840000e-09  7.91840000e-09  3.12722936e-04 
 7.95840000e-09  7.95840000e-09  2.99824445e-04 
 7.99840000e-09  7.99840000e-09  2.91244086e-04 
 8.03840000e-09  8.03840000e-09  2.84325226e-04 
 8.07840000e-09  8.07840000e-09  2.78152900e-04 
 8.11840000e-09  8.11840000e-09  2.72580912e-04 
 8.15840000e-09  8.15840000e-09  2.67559020e-04 
 8.19840000e-09  8.19840000e-09  2.63027011e-04 
 8.23840000e-09  8.23840000e-09  2.58925464e-04 
 8.27840000e-09  8.27840000e-09  2.55202795e-04 
 8.31840000e-09  8.31840000e-09  2.51815144e-04 
 8.35840000e-09  8.35840000e-09  2.48724966e-04 
 8.39840000e-09  8.39840000e-09  2.45899915e-04 
 8.43840000e-09  8.43840000e-09  2.43312015e-04 
 8.47840000e-09  8.47840000e-09  2.40936988e-04 
 8.51840000e-09  8.51840000e-09  2.38753697e-04 
 8.55840000e-09  8.55840000e-09  2.36743680e-04 
 8.59840000e-09  8.59840000e-09  2.34890742e-04 
 8.63840000e-09  8.63840000e-09  2.33180627e-04 
 8.67840000e-09  8.67840000e-09  2.31600723e-04 
 8.71840000e-09  8.71840000e-09  2.30139830e-04 
 8.75840000e-09  8.75840000e-09  2.28787949e-04 
 8.79840000e-09  8.79840000e-09  2.27536117e-04 
 8.83840000e-09  8.83840000e-09  2.26376263e-04 
 8.87840000e-09  8.87840000e-09  2.25301089e-04 
 8.91840000e-09  8.91840000e-09  2.24303972e-04 
 8.95840000e-09  8.95840000e-09  2.23378881e-04 
 8.99840000e-09  8.99840000e-09  2.22520311e-04 
 9.03840000e-09  9.03840000e-09  2.21723220e-04 
 9.07840000e-09  9.07840000e-09  2.20982988e-04 
 9.11840000e-09  9.11840000e-09  2.20295371e-04 
 9.15840000e-09  9.15840000e-09  2.19656473e-04 
 9.19840000e-09  9.19840000e-09  2.19062712e-04 
 9.23840000e-09  9.23840000e-09  2.18510804e-04 
 9.27840000e-09  9.27840000e-09  2.17997736e-04 
 9.31840000e-09  9.31840000e-09  2.17520755e-04 
 9.35840000e-09  9.35840000e-09  2.17077340e-04 
 9.39840000e-09  9.39840000e-09  2.16665190e-04 
 9.43840000e-09  9.43840000e-09  2.16282200e-04 
 9.47840000e-09  9.47840000e-09  2.15926442e-04 
 9.51840000e-09  9.51840000e-09  2.15596151e-04 
 9.55840000e-09  9.55840000e-09  2.15289705e-04 
 9.59840000e-09  9.59840000e-09  2.15005610e-04 
 9.63840000e-09  9.63840000e-09  2.14742486e-04 
 9.67840000e-09  9.67840000e-09  2.14499054e-04 
 9.71840000e-09  9.71840000e-09  2.14274124e-04 
 9.75840000e-09  9.75840000e-09  2.14066584e-04 
 9.79840000e-09  9.79840000e-09  2.13875392e-04 
 9.83840000e-09  9.83840000e-09  2.13699568e-04 
 9.87840000e-09  9.87840000e-09  2.13538190e-04 
 9.91840000e-09  9.91840000e-09  2.13390387e-04 
 9.95840000e-09  9.95840000e-09  2.13255338e-04 
 9.99840000e-09  9.99840000e-09  2.13132275e-04 
 1.00384000e-08  1.00384000e-08  2.13020477e-04 
 1.00784000e-08  1.00784000e-08  2.12919279e-04 
 1.01184000e-08  1.01184000e-08  2.12828069e-04 
 1.01584000e-08  1.01584000e-08  2.12746294e-04 
 1.01984000e-08  1.01984000e-08  2.12673461e-04 
 1.02384000e-08  1.02384000e-08  2.12609143e-04 
 1.02784000e-08  1.02784000e-08  2.12552975e-04 
 1.03184000e-08  1.03184000e-08  2.12504655e-04 
 1.03584000e-08  1.03584000e-08  2.12463949e-04 
 1.03984000e-08  1.03984000e-08  2.12430680e-04 
 1.04384000e-08  1.04384000e-08  2.12404734e-04 
 1.04784000e-08  1.04784000e-08  2.12386049e-04 
 1.05184000e-08  1.05184000e-08  2.12374620e-04 
 1.05584000e-08  1.05584000e-08  2.12370492e-04 
 1.05984000e-08  1.05984000e-08  2.12373760e-04 
 1.06384000e-08  1.06384000e-08  2.12384568e-04 
 1.06784000e-08  1.06784000e-08  2.12403108e-04 
 1.07184000e-08  1.07184000e-08  2.12429623e-04 
 1.07584000e-08  1.07584000e-08  2.12464407e-04 
 1.07984000e-08  1.07984000e-08  2.12507808e-04 
 1.08384000e-08  1.08384000e-08  2.12560231e-04 
 1.08784000e-08  1.08784000e-08  2.12622144e-04 
 1.09184000e-08  1.09184000e-08  2.12694078e-04 
 1.09584000e-08  1.09584000e-08  2.12776635e-04 
 1.09984000e-08  1.09984000e-08  2.12870496e-04 
 1.10384000e-08  1.10384000e-08  2.12976419e-04 
 1.10784000e-08  1.10784000e-08  2.13095251e-04 
 1.11184000e-08  1.11184000e-08  2.13227927e-04 
 1.11584000e-08  1.11584000e-08  2.13375475e-04 
 1.11984000e-08  1.11984000e-08  2.13539018e-04 
 1.12384000e-08  1.12384000e-08  2.13719766e-04 
 1.12784000e-08  1.12784000e-08  2.13919010e-04 
 1.13184000e-08  1.13184000e-08  2.14138100e-04 
 1.13584000e-08  1.13584000e-08  2.14378411e-04 
 1.13984000e-08  1.13984000e-08  2.14641287e-04 
 1.14384000e-08  1.14384000e-08  2.14927953e-04 
 1.14784000e-08  1.14784000e-08  2.15239379e-04 
 1.15184000e-08  1.15184000e-08  2.15576074e-04 
 1.15584000e-08  1.15584000e-08  2.15937786e-04 
 1.15984000e-08  1.15984000e-08  2.16323064e-04 
 1.16384000e-08  1.16384000e-08  2.16728645e-04 
 1.16784000e-08  1.16784000e-08  2.16001580e-04 
 1.17184000e-08  1.17184000e-08  2.17153172e-04 
 1.17584000e-08  1.17584000e-08  2.17960045e-04 
 1.17984000e-08  1.17984000e-08  2.18503536e-04 
 1.18384000e-08  1.18384000e-08  2.18917687e-04 
 1.18784000e-08  1.18784000e-08  2.19279987e-04 
 1.19184000e-08  1.19184000e-08  2.19707110e-04 
 1.19584000e-08  1.19584000e-08  2.20530290e-04 
 1.19984000e-08  1.19984000e-08  2.22697594e-04 
 1.20384000e-08  1.20384000e-08  2.28800936e-04 
 1.20784000e-08  1.20784000e-08  2.45918573e-04 
 1.21184000e-08  1.21184000e-08  2.94535731e-04 
 1.21584000e-08  1.21584000e-08  4.42437618e-04 
 1.21984000e-08  1.21984000e-08  9.85475266e-04 
 1.22384000e-08  1.22384000e-08  4.80348921e-03 
 1.22784000e-08  1.22784000e-08  1.54316517e-01 
 1.23184000e-08  1.23184000e-08  1.91910181e-01 
 1.23584000e-08  1.23584000e-08  1.92195679e-01 
 1.23984000e-08  1.23984000e-08  1.73033739e-01 
 1.24384000e-08  1.24384000e-08  9.45672600e-03 
 1.24784000e-08  1.24784000e-08 -7.70930555e-04 
 1.25184000e-08  1.25184000e-08 -6.20402671e-05 
 1.25584000e-08  1.25584000e-08  2.76525872e-04 
 1.25984000e-08  1.25984000e-08  3.26117910e-04 
 1.26384000e-08  1.26384000e-08  3.12720845e-04 
 1.26784000e-08  1.26784000e-08  2.99823052e-04 
 1.27184000e-08  1.27184000e-08  2.91242999e-04 
 1.27584000e-08  1.27584000e-08  2.84324266e-04 
 1.27984000e-08  1.27984000e-08  2.78152034e-04 
 1.28384000e-08  1.28384000e-08  2.72580133e-04 
 1.28784000e-08  1.28784000e-08  2.67558317e-04 
 1.29184000e-08  1.29184000e-08  2.63026376e-04 
 1.29584000e-08  1.29584000e-08  2.58924888e-04 
 1.29984000e-08  1.29984000e-08  2.55202272e-04 
 1.30384000e-08  1.30384000e-08  2.51814668e-04 
 1.30784000e-08  1.30784000e-08  2.48724531e-04 
 1.31184000e-08  1.31184000e-08  2.45899517e-04 
 1.31584000e-08  1.31584000e-08  2.43311650e-04 
 1.31984000e-08  1.31984000e-08  2.40936652e-04 
 1.32384000e-08  1.32384000e-08  2.38753389e-04 
 1.32784000e-08  1.32784000e-08  2.36743395e-04 
 1.33184000e-08  1.33184000e-08  2.34890480e-04 
 1.33584000e-08  1.33584000e-08  2.33180384e-04 
 1.33984000e-08  1.33984000e-08  2.31600499e-04 
 1.34384000e-08  1.34384000e-08  2.30139623e-04 
 1.34784000e-08  1.34784000e-08  2.28787758e-04 
 1.35184000e-08  1.35184000e-08  2.27535940e-04 
 1.35584000e-08  1.35584000e-08  2.26376099e-04 
 1.35984000e-08  1.35984000e-08  2.25300936e-04 
 1.36384000e-08  1.36384000e-08  2.24303830e-04 
 1.36784000e-08  1.36784000e-08  2.23378750e-04 
 1.37184000e-08  1.37184000e-08  2.22520189e-04 
 1.37584000e-08  1.37584000e-08  2.21723107e-04 
 1.37984000e-08  1.37984000e-08  2.20982883e-04 
 1.38384000e-08  1.38384000e-08  2.20295274e-04 
 1.38784000e-08  1.38784000e-08  2.19656382e-04 
 1.39184000e-08  1.39184000e-08  2.19062628e-04 
 1.39584000e-08  1.39584000e-08  2.18510725e-04 
 1.39984000e-08  1.39984000e-08  2.17997663e-04 
 1.40384000e-08  1.40384000e-08  2.17520687e-04 
 1.40784000e-08  1.40784000e-08  2.17077277e-04 
 1.41184000e-08  1.41184000e-08  2.16665131e-04 
 1.41584000e-08  1.41584000e-08  2.16282145e-04 
 1.41984000e-08  1.41984000e-08  2.15926392e-04 
 1.42384000e-08  1.42384000e-08  2.15596105e-04 
 1.42784000e-08  1.42784000e-08  2.15289662e-04 
 1.43184000e-08  1.43184000e-08  2.15005570e-04 
 1.43584000e-08  1.43584000e-08  2.14742449e-04 
 1.43984000e-08  1.43984000e-08  2.14499019e-04 
 1.44384000e-08  1.44384000e-08  2.14274092e-04 
 1.44784000e-08  1.44784000e-08  2.14066554e-04 
 1.45184000e-08  1.45184000e-08  2.13875365e-04 
 1.45584000e-08  1.45584000e-08  2.13699543e-04 
 1.45984000e-08  1.45984000e-08  2.13538167e-04 
 1.46384000e-08  1.46384000e-08  2.13390366e-04 
 1.46784000e-08  1.46784000e-08  2.13255319e-04 
 1.47184000e-08  1.47184000e-08  2.13132258e-04 
 1.47584000e-08  1.47584000e-08  2.13020462e-04 
 1.47984000e-08  1.47984000e-08  2.12919265e-04 
 1.48384000e-08  1.48384000e-08  2.12828056e-04 
 1.48784000e-08  1.48784000e-08  2.12746282e-04 
 1.49184000e-08  1.49184000e-08  2.12673451e-04 
 1.49584000e-08  1.49584000e-08  2.12609134e-04 
 1.49984000e-08  1.49984000e-08  2.12552967e-04 
 1.50384000e-08  1.50384000e-08  2.12504649e-04 
 1.50784000e-08  1.50784000e-08  2.12463943e-04 
 1.51184000e-08  1.51184000e-08  2.12430676e-04 
 1.51584000e-08  1.51584000e-08  2.12404730e-04 
 1.51984000e-08  1.51984000e-08  2.12386047e-04 
 1.52384000e-08  1.52384000e-08  2.12374619e-04 
 1.52784000e-08  1.52784000e-08  2.12370492e-04 
 1.53184000e-08  1.53184000e-08  2.12373761e-04 
 1.53584000e-08  1.53584000e-08  2.12384570e-04 
 1.53984000e-08  1.53984000e-08  2.12403111e-04 
 1.54384000e-08  1.54384000e-08  2.12429627e-04 
 1.54784000e-08  1.54784000e-08  2.12464413e-04 
 1.55184000e-08  1.55184000e-08  2.12507815e-04 
 1.55584000e-08  1.55584000e-08  2.12560240e-04 
 1.55984000e-08  1.55984000e-08  2.12622154e-04 
 1.56384000e-08  1.56384000e-08  2.12694089e-04 
 1.56784000e-08  1.56784000e-08  2.12776648e-04 
 1.57184000e-08  1.57184000e-08  2.12870511e-04 
 1.57584000e-08  1.57584000e-08  2.12976436e-04 
 1.57984000e-08  1.57984000e-08  2.13095270e-04 
 1.58384000e-08  1.58384000e-08  2.13227947e-04 
 1.58784000e-08  1.58784000e-08  2.13375498e-04 
 1.59184000e-08  1.59184000e-08  2.13539043e-04 
 1.59584000e-08  1.59584000e-08  2.13719794e-04 
 1.59984000e-08  1.59984000e-08  2.13919041e-04 
 1.60384000e-08  1.60384000e-08  2.14138134e-04 
 1.60784000e-08  1.60784000e-08  2.14378448e-04 
 1.61184000e-08  1.61184000e-08  2.14641327e-04 
 1.61584000e-08  1.61584000e-08  2.14927997e-04 
 1.61984000e-08  1.61984000e-08  2.15239426e-04 
 1.62384000e-08  1.62384000e-08  2.15576125e-04 
 1.62784000e-08  1.62784000e-08  2.15937841e-04 
 1.63184000e-08  1.63184000e-08  2.16323123e-04 
 1.63584000e-08  1.63584000e-08  2.16728706e-04 
 1.63984000e-08  1.63984000e-08  2.16001617e-04 
 1.64384000e-08  1.64384000e-08  2.17153220e-04 
 1.64784000e-08  1.64784000e-08  2.17960100e-04 
 1.65184000e-08  1.65184000e-08  2.18503591e-04 
 1.65584000e-08  1.65584000e-08  2.18917740e-04 
 1.65984000e-08  1.65984000e-08  2.19280041e-04 
 1.66384000e-08  1.66384000e-08  2.19707190e-04 
 1.66784000e-08  1.66784000e-08  2.20530475e-04 
 1.67184000e-08  1.67184000e-08  2.22698107e-04 
 1.67584000e-08  1.67584000e-08  2.28802379e-04 
 1.67984000e-08  1.67984000e-08  2.45922618e-04 
 1.68384000e-08  1.68384000e-08  2.94547414e-04 
 1.68784000e-08  1.68784000e-08  4.42474925e-04 
 1.69184000e-08  1.69184000e-08  9.85629185e-04 
 1.69584000e-08  1.69584000e-08  4.80555828e-03 
 1.69984000e-08  1.69984000e-08  1.54314114e-01 
 1.70384000e-08  1.70384000e-08  1.91909632e-01 
 1.70784000e-08  1.70784000e-08  1.92195673e-01 
 1.71184000e-08  1.71184000e-08  1.73033503e-01 
 1.71584000e-08  1.71584000e-08  9.45727352e-03 
 1.71984000e-08  1.71984000e-08 -7.70907499e-04 
 1.72384000e-08  1.72384000e-08 -6.20415179e-05 
 1.72784000e-08  1.72784000e-08  2.76525761e-04 
 1.73184000e-08  1.73184000e-08  3.26118190e-04 
 1.73584000e-08  1.73584000e-08  3.12721204e-04 
 1.73984000e-08  1.73984000e-08  2.99823381e-04 
 1.74384000e-08  1.74384000e-08  2.91243287e-04 
 1.74784000e-08  1.74784000e-08  2.84324521e-04 
 1.75184000e-08  1.75184000e-08  2.78152262e-04 
 1.75584000e-08  1.75584000e-08  2.72580337e-04 
 1.75984000e-08  1.75984000e-08  2.67558501e-04 
 1.76384000e-08  1.76384000e-08  2.63026543e-04 
 1.76784000e-08  1.76784000e-08  2.58925039e-04 
 1.77184000e-08  1.77184000e-08  2.55202410e-04 
 1.77584000e-08  1.77584000e-08  2.51814793e-04 
 1.77984000e-08  1.77984000e-08  2.48724645e-04 
 1.78384000e-08  1.78384000e-08  2.45899622e-04 
 1.78784000e-08  1.78784000e-08  2.43311746e-04 
 1.79184000e-08  1.79184000e-08  2.40936740e-04 
 1.79584000e-08  1.79584000e-08  2.38753470e-04 
 1.79984000e-08  1.79984000e-08  2.36743470e-04 
 1.80384000e-08  1.80384000e-08  2.34890549e-04 
 1.80784000e-08  1.80784000e-08  2.33180448e-04 
 1.81184000e-08  1.81184000e-08  2.31600558e-04 
 1.81584000e-08  1.81584000e-08  2.30139677e-04 
 1.81984000e-08  1.81984000e-08  2.28787808e-04 
 1.82384000e-08  1.82384000e-08  2.27535986e-04 
 1.82784000e-08  1.82784000e-08  2.26376142e-04 
 1.83184000e-08  1.83184000e-08  2.25300976e-04 
 1.83584000e-08  1.83584000e-08  2.24303867e-04 
 1.83984000e-08  1.83984000e-08  2.23378785e-04 
 1.84384000e-08  1.84384000e-08  2.22520221e-04 
 1.84784000e-08  1.84784000e-08  2.21723137e-04 
 1.85184000e-08  1.85184000e-08  2.20982911e-04 
 1.85584000e-08  1.85584000e-08  2.20295299e-04 
 1.85984000e-08  1.85984000e-08  2.19656406e-04 
 1.86384000e-08  1.86384000e-08  2.19062650e-04 
 1.86784000e-08  1.86784000e-08  2.18510746e-04 
 1.87184000e-08  1.87184000e-08  2.17997683e-04 
 1.87584000e-08  1.87584000e-08  2.17520705e-04 
 1.87984000e-08  1.87984000e-08  2.17077294e-04 
 1.88384000e-08  1.88384000e-08  2.16665147e-04 
 1.88784000e-08  1.88784000e-08  2.16282160e-04 
 1.89184000e-08  1.89184000e-08  2.15926405e-04 
 1.89584000e-08  1.89584000e-08  2.15596117e-04 
 1.89984000e-08  1.89984000e-08  2.15289673e-04 
 1.90384000e-08  1.90384000e-08  2.15005580e-04 
 1.90784000e-08  1.90784000e-08  2.14742459e-04 
 1.91184000e-08  1.91184000e-08  2.14499029e-04 
 1.91584000e-08  1.91584000e-08  2.14274100e-04 
 1.91984000e-08  1.91984000e-08  2.14066562e-04 
 1.92384000e-08  1.92384000e-08  2.13875372e-04 
 1.92784000e-08  1.92784000e-08  2.13699550e-04 
 1.93184000e-08  1.93184000e-08  2.13538173e-04 
 1.93584000e-08  1.93584000e-08  2.13390371e-04 
 1.93984000e-08  1.93984000e-08  2.13255324e-04 
 1.94384000e-08  1.94384000e-08  2.13132262e-04 
 1.94784000e-08  1.94784000e-08  2.13020466e-04 
 1.95184000e-08  1.95184000e-08  2.12919269e-04 
 1.95584000e-08  1.95584000e-08  2.12828060e-04 
 1.95984000e-08  1.95984000e-08  2.12746285e-04 
 1.96384000e-08  1.96384000e-08  2.12673454e-04 
 1.96784000e-08  1.96784000e-08  2.12609137e-04 
 1.97184000e-08  1.97184000e-08  2.12552969e-04 
 1.97584000e-08  1.97584000e-08  2.12504650e-04 
 1.97984000e-08  1.97984000e-08  2.12463945e-04 
 1.98384000e-08  1.98384000e-08  2.12430677e-04 
 1.98784000e-08  1.98784000e-08  2.12404731e-04 
 1.99184000e-08  1.99184000e-08  2.12386047e-04 
 1.99584000e-08  1.99584000e-08  2.12374619e-04 
 1.99984000e-08  1.99984000e-08  2.12370492e-04 
 2.00384000e-08  2.00384000e-08  2.12373761e-04 
 2.00784000e-08  2.00784000e-08  2.12384569e-04 
 2.01184000e-08  2.01184000e-08  2.12403110e-04 
 2.01584000e-08  2.01584000e-08  2.12429626e-04 
 2.01984000e-08  2.01984000e-08  2.12464411e-04 
 2.02384000e-08  2.02384000e-08  2.12507813e-04 
 2.02784000e-08  2.02784000e-08  2.12560238e-04 
 2.03184000e-08  2.03184000e-08  2.12622151e-04 
 2.03584000e-08  2.03584000e-08  2.12694086e-04 
 2.03984000e-08  2.03984000e-08  2.12776645e-04 
 2.04384000e-08  2.04384000e-08  2.12870507e-04 
 2.04784000e-08  2.04784000e-08  2.12976432e-04 
 2.05184000e-08  2.05184000e-08  2.13095265e-04 
 2.05584000e-08  2.05584000e-08  2.13227942e-04 
 2.05984000e-08  2.05984000e-08  2.13375492e-04 
 2.06384000e-08  2.06384000e-08  2.13539037e-04 
 2.06784000e-08  2.06784000e-08  2.13719787e-04 
 2.07184000e-08  2.07184000e-08  2.13919033e-04 
 2.07584000e-08  2.07584000e-08  2.14138125e-04 
 2.07984000e-08  2.07984000e-08  2.14378438e-04 
 2.08384000e-08  2.08384000e-08  2.14641317e-04 
 2.08784000e-08  2.08784000e-08  2.14927985e-04 
 2.09184000e-08  2.09184000e-08  2.15239414e-04 
 2.09584000e-08  2.09584000e-08  2.15576112e-04 
 2.09984000e-08  2.09984000e-08  2.15937827e-04 
 2.10384000e-08  2.10384000e-08  2.16323107e-04 
 2.10784000e-08  2.10784000e-08  2.16728690e-04 
 2.11184000e-08  2.11184000e-08  2.16001607e-04 
 2.11584000e-08  2.11584000e-08  2.17153208e-04 
 2.11984000e-08  2.11984000e-08  2.17960086e-04 
 2.12384000e-08  2.12384000e-08  2.18503577e-04 
 2.12784000e-08  2.12784000e-08  2.18917726e-04 
 2.13184000e-08  2.13184000e-08  2.19280027e-04 
 2.13584000e-08  2.13584000e-08  2.19707169e-04 
 2.13984000e-08  2.13984000e-08  2.20530426e-04 
 2.14384000e-08  2.14384000e-08  2.22697972e-04 
 2.14784000e-08  2.14784000e-08  2.28802000e-04 
 2.15184000e-08  2.15184000e-08  2.45921556e-04 
 2.15584000e-08  2.15584000e-08  2.94544347e-04 
 2.15984000e-08  2.15984000e-08  4.42465130e-04 
 2.16384000e-08  2.16384000e-08  9.85588773e-04 
 2.16784000e-08  2.16784000e-08  4.80501489e-03 
 2.17184000e-08  2.17184000e-08  1.54314516e-01 
 2.17584000e-08  2.17584000e-08  1.91909739e-01 
 2.17984000e-08  2.17984000e-08  1.92195678e-01 
 2.18384000e-08  2.18384000e-08  1.73033594e-01 
 2.18784000e-08  2.18784000e-08  9.45417545e-03 
 2.19184000e-08  2.19184000e-08 -7.70939582e-04 
 2.19584000e-08  2.19584000e-08 -6.20283719e-05 
 2.19984000e-08  2.19984000e-08  2.76523148e-04 
 2.20384000e-08  2.20384000e-08  3.26116969e-04 
 2.20784000e-08  2.20784000e-08  3.12720645e-04 
 2.21184000e-08  2.21184000e-08  2.99822896e-04 
 2.21584000e-08  2.21584000e-08  2.91242832e-04 
 2.21984000e-08  2.21984000e-08  2.84324109e-04 
 2.22384000e-08  2.22384000e-08  2.78151894e-04 
 2.22784000e-08  2.22784000e-08  2.72580007e-04 
 2.23184000e-08  2.23184000e-08  2.67558204e-04 
 2.23584000e-08  2.23584000e-08  2.63026274e-04 
 2.23984000e-08  2.23984000e-08  2.58924795e-04 
 2.24384000e-08  2.24384000e-08  2.55202188e-04 
 2.24784000e-08  2.24784000e-08  2.51814591e-04 
 2.25184000e-08  2.25184000e-08  2.48724461e-04 
 2.25584000e-08  2.25584000e-08  2.45899453e-04 
 2.25984000e-08  2.25984000e-08  2.43311591e-04 
 2.26384000e-08  2.26384000e-08  2.40936598e-04 
 2.26784000e-08  2.26784000e-08  2.38753339e-04 
 2.27184000e-08  2.27184000e-08  2.36743350e-04 
 2.27584000e-08  2.27584000e-08  2.34890438e-04 
 2.27984000e-08  2.27984000e-08  2.33180345e-04 
 2.28384000e-08  2.28384000e-08  2.31600463e-04 
 2.28784000e-08  2.28784000e-08  2.30139590e-04 
 2.29184000e-08  2.29184000e-08  2.28787727e-04 
 2.29584000e-08  2.29584000e-08  2.27535911e-04 
 2.29984000e-08  2.29984000e-08  2.26376072e-04 
 2.30384000e-08  2.30384000e-08  2.25300912e-04 
 2.30784000e-08  2.30784000e-08  2.24303807e-04 
 2.31184000e-08  2.31184000e-08  2.23378729e-04 
 2.31584000e-08  2.31584000e-08  2.22520169e-04 
 2.31984000e-08  2.31984000e-08  2.21723089e-04 
 2.32384000e-08  2.32384000e-08  2.20982866e-04 
 2.32784000e-08  2.32784000e-08  2.20295258e-04 
 2.33184000e-08  2.33184000e-08  2.19656367e-04 
 2.33584000e-08  2.33584000e-08  2.19062614e-04 
 2.33984000e-08  2.33984000e-08  2.18510713e-04 
 2.34384000e-08  2.34384000e-08  2.17997652e-04 
 2.34784000e-08  2.34784000e-08  2.17520676e-04 
 2.35184000e-08  2.35184000e-08  2.17077267e-04 
 2.35584000e-08  2.35584000e-08  2.16665122e-04 
 2.35984000e-08  2.35984000e-08  2.16282136e-04 
 2.36384000e-08  2.36384000e-08  2.15926383e-04 
 2.36784000e-08  2.36784000e-08  2.15596097e-04 
 2.37184000e-08  2.37184000e-08  2.15289655e-04 
 2.37584000e-08  2.37584000e-08  2.15005563e-04 
 2.37984000e-08  2.37984000e-08  2.14742443e-04 
 2.38384000e-08  2.38384000e-08  2.14499014e-04 
 2.38784000e-08  2.38784000e-08  2.14274087e-04 
 2.39184000e-08  2.39184000e-08  2.14066550e-04 
 2.39584000e-08  2.39584000e-08  2.13875360e-04 
 2.39984000e-08  2.39984000e-08  2.13699539e-04 
 2.40384000e-08  2.40384000e-08  2.13538163e-04 
 2.40784000e-08  2.40784000e-08  2.13390362e-04 
 2.41184000e-08  2.41184000e-08  2.13255316e-04 
 2.41584000e-08  2.41584000e-08  2.13132255e-04 
 2.41984000e-08  2.41984000e-08  2.13020459e-04 
 2.42384000e-08  2.42384000e-08  2.12919263e-04 
 2.42784000e-08  2.42784000e-08  2.12828054e-04 
 2.43184000e-08  2.43184000e-08  2.12746280e-04 
 2.43584000e-08  2.43584000e-08  2.12673450e-04 
 2.43984000e-08  2.43984000e-08  2.12609133e-04 
 2.44384000e-08  2.44384000e-08  2.12552966e-04 
 2.44784000e-08  2.44784000e-08  2.12504648e-04 
 2.45184000e-08  2.45184000e-08  2.12463943e-04 
 2.45584000e-08  2.45584000e-08  2.12430675e-04 
 2.45984000e-08  2.45984000e-08  2.12404730e-04 
 2.46384000e-08  2.46384000e-08  2.12386047e-04 
 2.46784000e-08  2.46784000e-08  2.12374619e-04 
 2.47184000e-08  2.47184000e-08  2.12370492e-04 
 2.47584000e-08  2.47584000e-08  2.12373761e-04 
 2.47984000e-08  2.47984000e-08  2.12384570e-04 
 2.48384000e-08  2.48384000e-08  2.12403112e-04 
 2.48784000e-08  2.48784000e-08  2.12429628e-04 
 2.49184000e-08  2.49184000e-08  2.12464414e-04 
 2.49584000e-08  2.49584000e-08  2.12507816e-04 
 2.49984000e-08  2.49984000e-08  2.12560241e-04 
 2.50384000e-08  2.50384000e-08  2.12622155e-04 
 2.50784000e-08  2.50784000e-08  2.12694091e-04 
 2.51184000e-08  2.51184000e-08  2.12776650e-04 
 2.51584000e-08  2.51584000e-08  2.12870513e-04 
 2.51984000e-08  2.51984000e-08  2.12976439e-04 
 2.52384000e-08  2.52384000e-08  2.13095273e-04 
 2.52784000e-08  2.52784000e-08  2.13227951e-04 
 2.53184000e-08  2.53184000e-08  2.13375502e-04 
 2.53584000e-08  2.53584000e-08  2.13539047e-04 
 2.53984000e-08  2.53984000e-08  2.13719799e-04 
 2.54384000e-08  2.54384000e-08  2.13919046e-04 
 2.54784000e-08  2.54784000e-08  2.14138139e-04 
 2.55184000e-08  2.55184000e-08  2.14378454e-04 
 2.55584000e-08  2.55584000e-08  2.14641334e-04 
 2.55984000e-08  2.55984000e-08  2.14928004e-04 
 2.56384000e-08  2.56384000e-08  2.15239434e-04 
 2.56784000e-08  2.56784000e-08  2.15576133e-04 
 2.57184000e-08  2.57184000e-08  2.15937850e-04 
 2.57584000e-08  2.57584000e-08  2.16323132e-04 
 2.57984000e-08  2.57984000e-08  2.16728715e-04 
 2.58384000e-08  2.58384000e-08  2.16001623e-04 
 2.58784000e-08  2.58784000e-08  2.17153228e-04 
 2.59184000e-08  2.59184000e-08  2.17960109e-04 
 2.59584000e-08  2.59584000e-08  2.18503600e-04 
 2.59984000e-08  2.59984000e-08  2.18917748e-04 
 2.60384000e-08  2.60384000e-08  2.19280050e-04 
 2.60784000e-08  2.60784000e-08  2.19707203e-04 
 2.61184000e-08  2.61184000e-08  2.20530505e-04 
 2.61584000e-08  2.61584000e-08  2.22698189e-04 
 2.61984000e-08  2.61984000e-08  2.28802611e-04 
 2.62384000e-08  2.62384000e-08  2.45923269e-04 
 2.62784000e-08  2.62784000e-08  2.94549293e-04 
 2.63184000e-08  2.63184000e-08  4.42480925e-04 
 2.63584000e-08  2.63584000e-08  9.85653939e-04 
 2.63984000e-08  2.63984000e-08  4.80589117e-03 
 2.64384000e-08  2.64384000e-08  1.54313934e-01 
 2.64784000e-08  2.64784000e-08  1.91909576e-01 
 2.65184000e-08  2.65184000e-08  1.92195669e-01 
 2.65584000e-08  2.65584000e-08  1.73033439e-01 
 2.65984000e-08  2.65984000e-08  9.45710254e-03 
 2.66384000e-08  2.66384000e-08 -7.70914972e-04 
 2.66784000e-08  2.66784000e-08 -6.20403445e-05 
 2.67184000e-08  2.67184000e-08  2.76526225e-04 
 2.67584000e-08  2.67584000e-08  3.26118294e-04 
 2.67984000e-08  2.67984000e-08  3.12721234e-04 
 2.68384000e-08  2.68384000e-08  2.99823409e-04 
 2.68784000e-08  2.68784000e-08  2.91243316e-04 
 2.69184000e-08  2.69184000e-08  2.84324548e-04 
 2.69584000e-08  2.69584000e-08  2.78152286e-04 
 2.69984000e-08  2.69984000e-08  2.72580359e-04 
 2.70384000e-08  2.70384000e-08  2.67558521e-04 
 2.70784000e-08  2.70784000e-08  2.63026560e-04 
 2.71184000e-08  2.71184000e-08  2.58925055e-04 
 2.71584000e-08  2.71584000e-08  2.55202424e-04 
 2.71984000e-08  2.71984000e-08  2.51814806e-04 
 2.72384000e-08  2.72384000e-08  2.48724657e-04 
 2.72784000e-08  2.72784000e-08  2.45899633e-04 
 2.73184000e-08  2.73184000e-08  2.43311756e-04 
 2.73584000e-08  2.73584000e-08  2.40936749e-04 
 2.73984000e-08  2.73984000e-08  2.38753478e-04 
 2.74384000e-08  2.74384000e-08  2.36743478e-04 
 2.74784000e-08  2.74784000e-08  2.34890556e-04 
 2.75184000e-08  2.75184000e-08  2.33180455e-04 
 2.75584000e-08  2.75584000e-08  2.31600564e-04 
 2.75984000e-08  2.75984000e-08  2.30139683e-04 
 2.76384000e-08  2.76384000e-08  2.28787813e-04 
 2.76784000e-08  2.76784000e-08  2.27535991e-04 
 2.77184000e-08  2.77184000e-08  2.26376146e-04 
 2.77584000e-08  2.77584000e-08  2.25300981e-04 
 2.77984000e-08  2.77984000e-08  2.24303871e-04 
 2.78384000e-08  2.78384000e-08  2.23378788e-04 
 2.78784000e-08  2.78784000e-08  2.22520224e-04 
 2.79184000e-08  2.79184000e-08  2.21723140e-04 
 2.79584000e-08  2.79584000e-08  2.20982913e-04 
 2.79984000e-08  2.79984000e-08  2.20295302e-04 
 2.80384000e-08  2.80384000e-08  2.19656408e-04 
 2.80784000e-08  2.80784000e-08  2.19062652e-04 
 2.81184000e-08  2.81184000e-08  2.18510748e-04 
 2.81584000e-08  2.81584000e-08  2.17997685e-04 
 2.81984000e-08  2.81984000e-08  2.17520707e-04 
 2.82384000e-08  2.82384000e-08  2.17077295e-04 
 2.82784000e-08  2.82784000e-08  2.16665148e-04 
 2.83184000e-08  2.83184000e-08  2.16282161e-04 
 2.83584000e-08  2.83584000e-08  2.15926406e-04 
 2.83984000e-08  2.83984000e-08  2.15596118e-04 
 2.84384000e-08  2.84384000e-08  2.15289674e-04 
 2.84784000e-08  2.84784000e-08  2.15005582e-04 
 2.85184000e-08  2.85184000e-08  2.14742460e-04 
 2.85584000e-08  2.85584000e-08  2.14499029e-04 
 2.85984000e-08  2.85984000e-08  2.14274101e-04 
 2.86384000e-08  2.86384000e-08  2.14066563e-04 
 2.86784000e-08  2.86784000e-08  2.13875372e-04 
 2.87184000e-08  2.87184000e-08  2.13699550e-04 
 2.87584000e-08  2.87584000e-08  2.13538174e-04 
 2.87984000e-08  2.87984000e-08  2.13390372e-04 
 2.88384000e-08  2.88384000e-08  2.13255325e-04 
 2.88784000e-08  2.88784000e-08  2.13132263e-04 
 2.89184000e-08  2.89184000e-08  2.13020466e-04 
 2.89584000e-08  2.89584000e-08  2.12919269e-04 
 2.89984000e-08  2.89984000e-08  2.12828060e-04 
 2.90384000e-08  2.90384000e-08  2.12746286e-04 
 2.90784000e-08  2.90784000e-08  2.12673454e-04 
 2.91184000e-08  2.91184000e-08  2.12609137e-04 
 2.91584000e-08  2.91584000e-08  2.12552969e-04 
 2.91984000e-08  2.91984000e-08  2.12504651e-04 
 2.92384000e-08  2.92384000e-08  2.12463945e-04 
 2.92784000e-08  2.92784000e-08  2.12430677e-04 
 2.93184000e-08  2.93184000e-08  2.12404731e-04 
 2.93584000e-08  2.93584000e-08  2.12386048e-04 
 2.93984000e-08  2.93984000e-08  2.12374619e-04 
 2.94384000e-08  2.94384000e-08  2.12370492e-04 
 2.94784000e-08  2.94784000e-08  2.12373761e-04 
 2.95184000e-08  2.95184000e-08  2.12384569e-04 
 2.95584000e-08  2.95584000e-08  2.12403110e-04 
 2.95984000e-08  2.95984000e-08  2.12429626e-04 
 2.96384000e-08  2.96384000e-08  2.12464411e-04 
 2.96784000e-08  2.96784000e-08  2.12507813e-04 
 2.97184000e-08  2.97184000e-08  2.12560237e-04 
 2.97584000e-08  2.97584000e-08  2.12622151e-04 
 2.97984000e-08  2.97984000e-08  2.12694086e-04 
 2.98384000e-08  2.98384000e-08  2.12776645e-04 
 2.98784000e-08  2.98784000e-08  2.12870506e-04 
 2.99184000e-08  2.99184000e-08  2.12976431e-04 
 2.99584000e-08  2.99584000e-08  2.13095264e-04 
 2.99984000e-08  2.99984000e-08  2.13227941e-04 
 3.00000000e-08  3.00000000e-08  2.12768494e-04 
