VDD Cap Spikes Frequency Energy_Per_Spike
0.1 0.125e-15 1 5E+07 0
0.1 0.25e-15 1 5E+07 0
0.1 0.5e-15 1 5E+07 0
0.1 1e-15 1 5E+07 0
0.1 2e-15 1 5E+07 0
0.1 3e-15 1 5E+07 0
0.1 4e-15 1 5E+07 0
0.1 5e-15 1 5E+07 0
0.1 6e-15 1 5E+07 0
0.1 7e-15 1 5E+07 0
0.1 8e-15 1 5E+07 0
0.1 9e-15 1 5E+07 0
0.1 10e-15 1 5E+07 0
0.11 0.125e-15 1 5E+07 0
0.11 0.25e-15 1 5E+07 0
0.11 0.5e-15 1 5E+07 0
0.11 1e-15 1 5E+07 0
0.11 2e-15 1 5E+07 0
0.11 3e-15 1 5E+07 0
0.11 4e-15 1 5E+07 0
0.11 5e-15 1 5E+07 0
0.11 6e-15 1 5E+07 0
0.11 7e-15 1 5E+07 0
0.11 8e-15 1 5E+07 0
0.11 9e-15 1 5E+07 0
0.11 10e-15 1 5E+07 0
0.12 0.125e-15 1 5E+07 0
0.12 0.25e-15 1 5E+07 0
0.12 0.5e-15 1 5E+07 0
0.12 1e-15 1 5E+07 0
0.12 2e-15 1 5E+07 0
0.12 3e-15 1 5E+07 0
0.12 4e-15 1 5E+07 0
0.12 5e-15 1 5E+07 0
0.12 6e-15 1 5E+07 0
0.12 7e-15 1 5E+07 0
0.12 8e-15 1 5E+07 0
0.12 9e-15 1 5E+07 0
0.12 10e-15 1 5E+07 0
0.13 0.125e-15 13 6.5E+08 2.90092E-19
0.13 0.25e-15 10 5E+08 3.42949E-19
0.13 0.5e-15 7 3.5E+08 4.40851E-19
0.13 1e-15 5 2.5E+08 5.72199E-19
0.13 2e-15 3 1.5E+08 1.04848E-18
0.13 3e-15 3 1.5E+08 8.59176E-19
0.13 4e-15 2 1E+08 1.56478E-18
0.13 5e-15 2 1E+08 7.5345E-19
0.13 6e-15 2 1E+08 8.55999E-19
0.13 7e-15 2 1E+08 9.58082E-19
0.13 8e-15 2 1E+08 1.05981E-18
0.13 9e-15 2 1E+08 1.17178E-18
0.13 10e-15 2 1E+08 1.27565E-18
0.14 0.125e-15 15 7.5E+08 2.5264E-19
0.14 0.25e-15 12 6E+08 3.08003E-19
0.14 0.5e-15 9 4.5E+08 3.95614E-19
0.14 1e-15 6 3E+08 5.21941E-19
0.14 2e-15 4 2E+08 6.76413E-19
0.14 3e-15 3 1.5E+08 1.16551E-18
0.14 4e-15 3 1.5E+08 8.85265E-19
0.14 5e-15 2 1E+08 1.55147E-18
0.14 6e-15 2 1E+08 1.76387E-18
0.14 7e-15 2 1E+08 7.74265E-19
0.14 8e-15 2 1E+08 8.51182E-19
0.14 9e-15 2 1E+08 9.27811E-19
0.14 10e-15 2 1E+08 1.0042E-18
0.15 0.125e-15 17 8.5E+08 2.63482E-19
0.15 0.25e-15 14 7E+08 3.00157E-19
0.15 0.5e-15 10 5E+08 3.82596E-19
0.15 1e-15 7 3.5E+08 5.06623E-19
0.15 2e-15 5 2.5E+08 6.89905E-19
0.15 3e-15 4 2E+08 8.12745E-19
0.15 4e-15 3 1.5E+08 1.31446E-18
0.15 5e-15 3 1.5E+08 9.5468E-19
0.15 6e-15 2 1E+08 1.63065E-18
0.15 7e-15 2 1E+08 1.82399E-18
0.15 8e-15 2 1E+08 2.01358E-18
0.15 9e-15 2 1E+08 8.23656E-19
0.15 10e-15 2 1E+08 8.87965E-19
0.16 0.125e-15 19 9.5E+08 2.68481E-19
0.16 0.25e-15 15 7.5E+08 3.02111E-19
0.16 0.5e-15 11 5.5E+08 3.83673E-19
0.16 1e-15 7 3.5E+08 5.85738E-19
0.16 2e-15 5 2.5E+08 6.77529E-19
0.16 3e-15 4 2E+08 7.95926E-19
0.16 4e-15 3 1.5E+08 1.28545E-18
0.16 5e-15 3 1.5E+08 9.30601E-19
0.16 6e-15 2 1E+08 1.58851E-18
0.16 7e-15 2 1E+08 1.77233E-18
0.16 8e-15 2 1E+08 1.95511E-18
0.16 9e-15 2 1E+08 2.14048E-18
0.16 10e-15 2 1E+08 8.40356E-19
0.17 0.125e-15 21 1.05E+09 2.69241E-19
0.17 0.25e-15 16 8E+08 3.36089E-19
0.17 0.5e-15 11 5.5E+08 4.34426E-19
0.17 1e-15 8 4E+08 5.22818E-19
0.17 2e-15 5 2.5E+08 8.71092E-19
0.17 3e-15 4 2E+08 1.10791E-18
0.17 4e-15 3 1.5E+08 1.30222E-18
0.17 5e-15 3 1.5E+08 1.51389E-18
0.17 6e-15 3 1.5E+08 1.06949E-18
0.17 7e-15 2 1E+08 1.78661E-18
0.17 8e-15 2 1E+08 1.97664E-18
0.17 9e-15 2 1E+08 2.15711E-18
0.17 10e-15 2 1E+08 2.34046E-18
0.18 0.125e-15 22 1.1E+09 2.87715E-19
0.18 0.25e-15 17 8.5E+08 3.34684E-19
0.18 0.5e-15 12 6E+08 4.51897E-19
0.18 1e-15 8 4E+08 6.24204E-19
0.18 2e-15 5 2.5E+08 9.08738E-19
0.18 3e-15 4 2E+08 1.15721E-18
0.18 4e-15 3 1.5E+08 1.35727E-18
0.18 5e-15 3 1.5E+08 1.57927E-18
0.18 6e-15 3 1.5E+08 1.11746E-18
0.18 7e-15 2 1E+08 1.86983E-18
0.18 8e-15 2 1E+08 2.06098E-18
0.18 9e-15 2 1E+08 2.24668E-18
0.18 10e-15 2 1E+08 2.43785E-18
0.19 0.125e-15 22 1.1E+09 3.29088E-19
0.19 0.25e-15 17 8.5E+08 3.78549E-19
0.19 0.5e-15 12 6E+08 4.8131E-19
0.19 1e-15 8 4E+08 6.63044E-19
0.19 2e-15 5 2.5E+08 9.66192E-19
0.19 3e-15 4 2E+08 1.2335E-18
0.19 4e-15 3 1.5E+08 1.46077E-18
0.19 5e-15 3 1.5E+08 1.7006E-18
0.19 6e-15 3 1.5E+08 1.20846E-18
0.19 7e-15 2 1E+08 2.01292E-18
0.19 8e-15 2 1E+08 2.21977E-18
0.19 9e-15 2 1E+08 2.42754E-18
0.19 10e-15 2 1E+08 2.62575E-18
0.2 0.125e-15 23 1.15E+09 3.42862E-19
0.2 0.25e-15 17 8.5E+08 4.2466E-19
0.2 0.5e-15 12 6E+08 5.35766E-19
0.2 1e-15 9 4.5E+08 6.60383E-19
0.2 2e-15 6 3E+08 9.21817E-19
0.2 3e-15 4 2E+08 1.11211E-18
0.2 4e-15 4 2E+08 1.34865E-18
0.2 5e-15 3 1.5E+08 1.44298E-18
0.2 6e-15 3 1.5E+08 1.63729E-18
0.2 7e-15 3 1.5E+08 1.84088E-18
0.2 8e-15 3 1.5E+08 1.07022E-18
0.2 9e-15 2 1E+08 1.76123E-18
0.2 10e-15 2 1E+08 1.90122E-18
0.21 0.125e-15 23 1.15E+09 3.71837E-19
0.21 0.25e-15 18 9E+08 4.37719E-19
0.21 0.5e-15 13 6.5E+08 5.31174E-19
0.21 1e-15 9 4.5E+08 6.92775E-19
0.21 2e-15 6 3E+08 9.83535E-19
0.21 3e-15 4 2E+08 1.17313E-18
0.21 4e-15 4 2E+08 1.42913E-18
0.21 5e-15 3 1.5E+08 1.52888E-18
0.21 6e-15 3 1.5E+08 1.73924E-18
0.21 7e-15 3 1.5E+08 1.96239E-18
0.21 8e-15 2 1E+08 1.71481E-18
0.21 9e-15 2 1E+08 1.86959E-18
0.21 10e-15 2 1E+08 2.02229E-18
0.22 0.125e-15 24 1.2E+09 3.99693E-19
0.22 0.25e-15 18 9E+08 4.71882E-19
0.22 0.5e-15 13 6.5E+08 5.73464E-19
0.22 1e-15 9 4.5E+08 7.45921E-19
0.22 2e-15 6 3E+08 1.04771E-18
0.22 3e-15 4 2E+08 1.2784E-18
0.22 4e-15 4 2E+08 1.5419E-18
0.22 5e-15 3 1.5E+08 1.65944E-18
0.22 6e-15 3 1.5E+08 1.88676E-18
0.22 7e-15 3 1.5E+08 1.12361E-18
0.22 8e-15 2 1E+08 1.8629E-18
0.22 9e-15 2 1E+08 2.03234E-18
0.22 10e-15 2 1E+08 2.20393E-18
0.23 0.125e-15 24 1.2E+09 4.28799E-19
0.23 0.25e-15 18 9E+08 5.16503E-19
0.23 0.5e-15 13 6.5E+08 6.36009E-19
0.23 1e-15 9 4.5E+08 7.96485E-19
0.23 2e-15 6 3E+08 1.12931E-18
0.23 3e-15 4 2E+08 1.36275E-18
0.23 4e-15 4 2E+08 1.65515E-18
0.23 5e-15 3 1.5E+08 1.78161E-18
0.23 6e-15 3 1.5E+08 2.02512E-18
0.23 7e-15 3 1.5E+08 1.20944E-18
0.23 8e-15 2 1E+08 2.0034E-18
0.23 9e-15 2 1E+08 2.16672E-18
0.23 10e-15 2 1E+08 2.36213E-18
0.24 0.125e-15 26 1.3E+09 4.30574E-19
0.24 0.25e-15 18 9E+08 5.64963E-19
0.24 0.5e-15 13 6.5E+08 7.10088E-19
0.24 1e-15 9 4.5E+08 8.88598E-19
0.24 2e-15 6 3E+08 1.22276E-18
0.24 3e-15 4 2E+08 1.46835E-18
0.24 4e-15 4 2E+08 1.23796E-18
0.24 5e-15 3 1.5E+08 1.92082E-18
0.24 6e-15 3 1.5E+08 2.18094E-18
0.24 7e-15 3 1.5E+08 1.32354E-18
0.24 8e-15 2 1E+08 2.17815E-18
0.24 9e-15 2 1E+08 2.37092E-18
0.24 10e-15 2 1E+08 2.56602E-18
0.25 0.125e-15 27 1.35E+09 4.85601E-19
0.25 0.25e-15 18 9E+08 6.28802E-19
0.25 0.5e-15 13 6.5E+08 7.56281E-19
0.25 1e-15 9 4.5E+08 9.56775E-19
0.25 2e-15 6 3E+08 1.07596E-18
0.25 3e-15 4 2E+08 1.59369E-18
0.25 4e-15 4 2E+08 1.33432E-18
0.25 5e-15 3 1.5E+08 2.07015E-18
0.25 6e-15 3 1.5E+08 2.35144E-18
0.25 7e-15 2 1E+08 2.14249E-18
0.25 8e-15 2 1E+08 2.3553E-18
0.25 9e-15 2 1E+08 2.66092E-18
0.25 10e-15 2 1E+08 2.76265E-18
0.26 0.125e-15 28 1.4E+09 5.19141E-19
0.26 0.25e-15 20 1E+09 6.67055E-19
0.26 0.5e-15 13 6.5E+08 8.32504E-19
0.26 1e-15 9 4.5E+08 9.24383E-19
0.26 2e-15 6 3E+08 1.16683E-18
0.26 3e-15 4 2E+08 1.70858E-18
0.26 4e-15 3 1.5E+08 1.94502E-18
0.26 5e-15 3 1.5E+08 2.25048E-18
0.26 6e-15 3 1.5E+08 2.54638E-18
0.26 7e-15 2 1E+08 2.35306E-18
0.26 8e-15 2 1E+08 2.57474E-18
0.26 9e-15 2 1E+08 2.92876E-18
0.26 10e-15 2 1E+08 3.01378E-18
0.27 0.125e-15 28 1.4E+09 5.22809E-19
0.27 0.25e-15 20 1E+09 7.0259E-19
0.27 0.5e-15 13 6.5E+08 9.23611E-19
0.27 1e-15 9 4.5E+08 1.03667E-18
0.27 2e-15 6 3E+08 1.2806E-18
0.27 3e-15 4 2E+08 1.89312E-18
0.27 4e-15 3 1.5E+08 2.15949E-18
0.27 5e-15 3 1.5E+08 2.48412E-18
0.27 6e-15 3 1.5E+08 2.80666E-18
0.27 7e-15 2 1E+08 2.65371E-18
0.27 8e-15 2 1E+08 2.89231E-18
0.27 9e-15 2 1E+08 3.1164E-18
0.27 10e-15 2 1E+08 3.35611E-18
0.28 0.125e-15 29 1.45E+09 5.87079E-19
0.28 0.25e-15 20 1E+09 7.30951E-19
0.28 0.5e-15 13 6.5E+08 1.01408E-18
0.28 1e-15 8 4E+08 1.26711E-18
0.28 2e-15 5 2.5E+08 1.66494E-18
0.28 3e-15 4 2E+08 2.00889E-18
0.28 4e-15 3 1.5E+08 2.30347E-18
0.28 5e-15 3 1.5E+08 2.65419E-18
0.28 6e-15 3 1.5E+08 2.95794E-18
0.28 7e-15 2 1E+08 2.82929E-18
0.28 8e-15 2 1E+08 3.07805E-18
0.28 9e-15 2 1E+08 3.31967E-18
0.28 10e-15 2 1E+08 3.57078E-18
0.29 0.125e-15 29 1.45E+09 6.19255E-19
0.29 0.25e-15 20 1E+09 7.66295E-19
0.29 0.5e-15 13 6.5E+08 1.08806E-18
0.29 1e-15 8 4E+08 1.30602E-18
0.29 2e-15 5 2.5E+08 1.69961E-18
0.29 3e-15 4 2E+08 2.08278E-18
0.29 4e-15 3 1.5E+08 2.32627E-18
0.29 5e-15 3 1.5E+08 2.7032E-18
0.29 6e-15 3 1.5E+08 3.04988E-18
0.29 7e-15 2 1E+08 2.83387E-18
0.29 8e-15 2 1E+08 3.10124E-18
0.29 9e-15 2 1E+08 3.33524E-18
0.29 10e-15 2 1E+08 3.64386E-18
0.3 0.125e-15 30 1.5E+09 6.7031E-19
0.3 0.25e-15 20 1E+09 8.0649E-19
0.3 0.5e-15 12 6E+08 1.14044E-18
0.3 1e-15 9 4.5E+08 1.21183E-18
0.3 2e-15 5 2.5E+08 1.83738E-18
0.3 3e-15 4 2E+08 2.23415E-18
0.3 4e-15 3 1.5E+08 2.45709E-18
0.3 5e-15 3 1.5E+08 2.89941E-18
0.3 6e-15 3 1.5E+08 1.85132E-18
0.3 7e-15 2 1E+08 3.03398E-18
0.3 8e-15 2 1E+08 3.33767E-18
0.3 9e-15 2 1E+08 3.61825E-18
0.3 10e-15 2 1E+08 3.88376E-18
0.31 0.125e-15 32 1.6E+09 7.24679E-19
0.31 0.25e-15 20 1E+09 8.87245E-19
0.31 0.5e-15 12 6E+08 1.21747E-18
0.31 1e-15 8 4E+08 1.53368E-18
0.31 2e-15 5 2.5E+08 1.8995E-18
0.31 3e-15 4 2E+08 2.37533E-18
0.31 4e-15 3 1.5E+08 2.7062E-18
0.31 5e-15 3 1.5E+08 3.10555E-18
0.31 6e-15 2 1E+08 2.98665E-18
0.31 7e-15 2 1E+08 3.25668E-18
0.31 8e-15 2 1E+08 3.52278E-18
0.31 9e-15 2 1E+08 3.86401E-18
0.31 10e-15 2 1E+08 4.16676E-18
0.32 0.125e-15 34 1.7E+09 7.90132E-19
0.32 0.25e-15 21 1.05E+09 9.68844E-19
0.32 0.5e-15 12 6E+08 1.26969E-18
0.32 1e-15 8 4E+08 1.7403E-18
0.32 2e-15 5 2.5E+08 2.24774E-18
0.32 3e-15 4 2E+08 2.6637E-18
0.32 4e-15 3 1.5E+08 3.00148E-18
0.32 5e-15 3 1.5E+08 3.3979E-18
0.32 6e-15 2 1E+08 3.38832E-18
0.32 7e-15 2 1E+08 3.68512E-18
0.32 8e-15 2 1E+08 3.98151E-18
0.32 9e-15 2 1E+08 4.27755E-18
0.32 10e-15 2 1E+08 4.57451E-18
0.33 0.125e-15 38 1.9E+09 8.01898E-19
0.33 0.25e-15 22 1.1E+09 1.038E-18
0.33 0.5e-15 13 6.5E+08 1.41739E-18
0.33 1e-15 8 4E+08 1.97146E-18
0.33 2e-15 5 2.5E+08 2.45582E-18
0.33 3e-15 4 2E+08 2.88662E-18
0.33 4e-15 3 1.5E+08 3.27086E-18
0.33 5e-15 3 1.5E+08 3.70506E-18
0.33 6e-15 2 1E+08 3.7064E-18
0.33 7e-15 2 1E+08 4.01802E-18
0.33 8e-15 2 1E+08 4.31551E-18
0.33 9e-15 2 1E+08 4.53404E-18
0.33 10e-15 2 1E+08 4.8708E-18
0.34 0.125e-15 39 1.95E+09 9.39196E-19
0.34 0.25e-15 24 1.2E+09 1.10281E-18
0.34 0.5e-15 13 6.5E+08 1.43379E-18
0.34 1e-15 8 4E+08 1.81486E-18
0.34 2e-15 5 2.5E+08 2.52286E-18
0.34 3e-15 4 2E+08 2.80445E-18
0.34 4e-15 3 1.5E+08 3.29176E-18
0.34 5e-15 3 1.5E+08 3.80131E-18
0.34 6e-15 2 1E+08 3.8658E-18
0.34 7e-15 2 1E+08 4.23452E-18
0.34 8e-15 2 1E+08 4.59006E-18
0.34 9e-15 2 1E+08 4.92053E-18
0.34 10e-15 2 1E+08 5.04707E-18
0.35 0.125e-15 43 2.15E+09 9.76434E-19
0.35 0.25e-15 27 1.35E+09 1.12984E-18
0.35 0.5e-15 14 7E+08 1.55798E-18
0.35 1e-15 7 3.5E+08 2.18017E-18
0.35 2e-15 5 2.5E+08 2.47814E-18
0.35 3e-15 4 2E+08 3.16712E-18
0.35 4e-15 3 1.5E+08 3.68889E-18
0.35 5e-15 3 1.5E+08 4.19825E-18
0.35 6e-15 2 1E+08 4.17544E-18
0.35 7e-15 2 1E+08 4.38719E-18
0.35 8e-15 2 1E+08 4.82036E-18
0.35 9e-15 2 1E+08 5.24041E-18
0.35 10e-15 2 1E+08 5.632E-18
0.36 0.125e-15 44 2.2E+09 1.11879E-18
0.36 0.25e-15 30 1.5E+09 1.18282E-18
0.36 0.5e-15 16 8E+08 1.5461E-18
0.36 1e-15 7 3.5E+08 2.26275E-18
0.36 2e-15 5 2.5E+08 2.79378E-18
0.36 3e-15 4 2E+08 3.54012E-18
0.36 4e-15 3 1.5E+08 3.99125E-18
0.36 5e-15 3 1.5E+08 4.16665E-18
0.36 6e-15 2 1E+08 4.43716E-18
0.36 7e-15 2 1E+08 4.90542E-18
0.36 8e-15 2 1E+08 5.28971E-18
0.36 9e-15 2 1E+08 5.43533E-18
0.36 10e-15 2 1E+08 5.92175E-18
0.37 0.125e-15 49 2.45E+09 1.11091E-18
0.37 0.25e-15 31 1.55E+09 1.22452E-18
0.37 0.5e-15 18 9E+08 1.50155E-18
0.37 1e-15 7 3.5E+08 2.39803E-18
0.37 2e-15 5 2.5E+08 3.13623E-18
0.37 3e-15 3 1.5E+08 4.48794E-18
0.37 4e-15 3 1.5E+08 3.91242E-18
0.37 5e-15 3 1.5E+08 4.66008E-18
0.37 6e-15 2 1E+08 4.92124E-18
0.37 7e-15 2 1E+08 6.60838E-18
0.37 8e-15 2 1E+08 5.5294E-18
0.37 9e-15 2 1E+08 6.05222E-18
0.37 10e-15 2 1E+08 6.09084E-18
0.38 0.125e-15 52 2.6E+09 1.18054E-18
0.38 0.25e-15 24 1.2E+09 1.65189E-18
0.38 0.5e-15 17 8.5E+08 1.68539E-18
0.38 1e-15 8 4E+08 2.4984E-18
0.38 2e-15 5 2.5E+08 2.8247E-18
0.38 3e-15 3 1.5E+08 4.04141E-18
0.38 4e-15 3 1.5E+08 4.36176E-18
0.38 5e-15 2 1E+08 4.88374E-18
0.38 6e-15 2 1E+08 4.91088E-18
0.38 7e-15 2 1E+08 5.53853E-18
0.38 8e-15 2 1E+08 6.10239E-18
0.38 9e-15 2 1E+08 6.16522E-18
0.38 10e-15 2 1E+08 6.77934E-18
0.39 0.125e-15 57 2.85E+09 1.22583E-18
0.39 0.25e-15 22 1.1E+09 1.99017E-18
0.39 0.5e-15 17 8.5E+08 1.7469E-18
0.39 1e-15 9 4.5E+08 2.46274E-18
0.39 2e-15 4 2E+08 5.28457E-18
0.39 3e-15 4 2E+08 5.20144E-18
0.39 4e-15 3 1.5E+08 6.69425E-18
0.39 5e-15 2 1E+08 7.97902E-18
0.39 6e-15 2 1E+08 8.24106E-18
0.39 7e-15 2 1E+08 8.89145E-18
0.39 8e-15 2 1E+08 8.93443E-18
0.39 9e-15 2 1E+08 9.62225E-18
0.39 10e-15 2 1E+08 9.62741E-18
0.4 0.125e-15 55 2.75E+09 1.3655E-18
0.4 0.25e-15 23 1.15E+09 2.08672E-18
0.4 0.5e-15 16 8E+08 2.168E-18
0.4 1e-15 9 4.5E+08 3.22961E-18
0.4 2e-15 4 2E+08 5.70953E-18
0.4 3e-15 4 2E+08 5.70297E-18
0.4 4e-15 3 1.5E+08 7.30219E-18
0.4 5e-15 3 1.5E+08 7.29793E-18
0.4 6e-15 2 1E+08 8.99754E-18
0.4 7e-15 2 1E+08 8.99345E-18
0.4 8e-15 2 1E+08 9.77398E-18
0.4 9e-15 2 1E+08 1.03745E-17
0.4 10e-15 2 1E+08 1.05464E-17
0.41 0.125e-15 48 2.4E+09 1.68169E-18
0.41 0.25e-15 29 1.45E+09 1.80389E-18
0.41 0.5e-15 16 8E+08 2.42363E-18
0.41 1e-15 9 4.5E+08 3.49588E-18
0.41 2e-15 4 2E+08 6.09174E-18
0.41 3e-15 3 1.5E+08 6.8665E-18
0.41 4e-15 3 1.5E+08 7.84306E-18
0.41 5e-15 2 1E+08 8.9615E-18
0.41 6e-15 2 1E+08 9.73768E-18
0.41 7e-15 2 1E+08 9.81035E-18
0.41 8e-15 2 1E+08 1.06206E-17
0.41 9e-15 2 1E+08 1.06621E-17
0.41 10e-15 2 1E+08 1.14876E-17
0.42 0.125e-15 47 2.35E+09 1.78474E-18
0.42 0.25e-15 29 1.45E+09 2.22227E-18
0.42 0.5e-15 16 8E+08 2.65401E-18
0.42 1e-15 8 4E+08 3.90307E-18
0.42 2e-15 4 2E+08 6.94277E-18
0.42 3e-15 3 1.5E+08 7.48049E-18
0.42 4e-15 3 1.5E+08 8.17512E-18
0.42 5e-15 2 1E+08 9.74067E-18
0.42 6e-15 2 1E+08 9.70658E-18
0.42 7e-15 2 1E+08 1.06703E-17
0.42 8e-15 2 1E+08 1.06507E-17
0.42 9e-15 2 1E+08 1.16056E-17
0.42 10e-15 2 1E+08 1.15929E-17
0.43 0.125e-15 38 1.9E+09 2.3539E-18
0.43 0.25e-15 23 1.15E+09 2.81829E-18
0.43 0.5e-15 16 8E+08 2.85449E-18
0.43 1e-15 8 4E+08 4.14337E-18
0.43 2e-15 4 2E+08 6.62622E-18
0.43 3e-15 3 1.5E+08 8.02819E-18
0.43 4e-15 3 1.5E+08 7.92735E-18
0.43 5e-15 2 1E+08 1.04012E-17
0.43 6e-15 2 1E+08 1.28038E-17
0.43 7e-15 2 1E+08 1.14019E-17
0.43 8e-15 2 1E+08 1.14153E-17
0.43 9e-15 2 1E+08 1.25596E-17
0.43 10e-15 2 1E+08 1.2602E-17
0.44 0.125e-15 56 2.8E+09 2.06155E-18
0.44 0.25e-15 28 1.4E+09 2.56898E-18
0.44 0.5e-15 15 7.5E+08 3.38539E-18
0.44 1e-15 7 3.5E+08 5.68841E-18
0.44 2e-15 4 2E+08 7.03702E-18
0.44 3e-15 3 1.5E+08 8.72521E-18
0.44 4e-15 3 1.5E+08 8.61697E-18
0.44 5e-15 2 1E+08 1.12483E-17
0.44 6e-15 2 1E+08 1.12774E-17
0.44 7e-15 2 1E+08 1.22005E-17
0.44 8e-15 2 1E+08 1.24082E-17
0.44 9e-15 2 1E+08 1.23783E-17
0.44 10e-15 2 1E+08 1.35316E-17
0.45 0.125e-15 57 2.85E+09 2.2862E-18
0.45 0.25e-15 26 1.3E+09 2.96588E-18
0.45 0.5e-15 15 7.5E+08 3.24726E-18
0.45 1e-15 7 3.5E+08 7.26304E-18
0.45 2e-15 4 2E+08 7.44605E-18
0.45 3e-15 3 1.5E+08 9.44308E-18
0.45 4e-15 3 1.5E+08 9.35125E-18
0.45 5e-15 2 1E+08 1.20069E-17
0.45 6e-15 2 1E+08 1.22273E-17
0.45 7e-15 2 1E+08 1.21825E-17
0.45 8e-15 2 1E+08 1.34443E-17
0.45 9e-15 2 1E+08 1.34306E-17
0.45 10e-15 2 1E+08 1.46208E-17
0.46 0.125e-15 50 2.5E+09 2.68587E-18
0.46 0.25e-15 28 1.4E+09 2.90962E-18
0.46 0.5e-15 15 7.5E+08 3.81741E-18
0.46 1e-15 8 4E+08 5.04553E-18
0.46 2e-15 5 2.5E+08 6.55564E-18
0.46 3e-15 3 1.5E+08 1.01616E-17
0.46 4e-15 3 1.5E+08 1.0128E-17
0.46 5e-15 2 1E+08 1.18254E-17
0.46 6e-15 2 1E+08 1.32223E-17
0.46 7e-15 2 1E+08 1.31823E-17
0.46 8e-15 2 1E+08 1.44685E-17
0.46 9e-15 2 1E+08 1.45397E-17
0.46 10e-15 2 1E+08 1.45009E-17
0.47 0.125e-15 55 2.75E+09 2.77081E-18
0.47 0.25e-15 23 1.15E+09 4.07478E-18
0.47 0.5e-15 13 6.5E+08 4.59623E-18
0.47 1e-15 8 4E+08 5.36784E-18
0.47 2e-15 5 2.5E+08 7.07343E-18
0.47 3e-15 3 1.5E+08 1.08062E-17
0.47 4e-15 3 1.5E+08 1.09483E-17
0.47 5e-15 2 1E+08 1.27569E-17
0.47 6e-15 2 1E+08 1.42458E-17
0.47 7e-15 2 1E+08 1.42343E-17
0.47 8e-15 2 1E+08 1.41835E-17
0.47 9e-15 2 1E+08 1.56977E-17
0.47 10e-15 2 1E+08 1.5666E-17
0.48 0.125e-15 55 2.75E+09 3.07306E-18
0.48 0.25e-15 27 1.35E+09 3.72085E-18
0.48 0.5e-15 13 6.5E+08 4.81078E-18
0.48 1e-15 8 4E+08 5.8352E-18
0.48 2e-15 4 2E+08 1.02156E-17
0.48 3e-15 3 1.5E+08 1.14097E-17
0.48 4e-15 3 1.5E+08 1.18098E-17
0.48 5e-15 2 1E+08 1.37361E-17
0.48 6e-15 2 1E+08 1.52337E-17
0.48 7e-15 2 1E+08 1.53375E-17
0.48 8e-15 2 1E+08 1.52796E-17
0.48 9e-15 2 1E+08 1.68795E-17
0.48 10e-15 2 1E+08 1.68888E-17
0.49 0.125e-15 50 2.5E+09 3.56337E-18
0.49 0.25e-15 22 1.1E+09 4.80918E-18
0.49 0.5e-15 14 7E+08 4.6971E-18
0.49 1e-15 8 4E+08 6.06095E-18
0.49 2e-15 5 2.5E+08 8.18421E-18
0.49 3e-15 3 1.5E+08 1.20235E-17
0.49 4e-15 3 1.5E+08 1.27082E-17
0.49 5e-15 2 1E+08 1.47595E-17
0.49 6e-15 2 1E+08 1.60276E-17
0.49 7e-15 2 1E+08 1.64857E-17
0.49 8e-15 2 1E+08 1.64293E-17
0.49 9e-15 2 1E+08 1.79123E-17
0.49 10e-15 2 1E+08 1.81504E-17
0.5 0.125e-15 57 2.85E+09 3.60046E-18
0.5 0.25e-15 27 1.35E+09 4.14339E-18
0.5 0.5e-15 14 7E+08 5.11009E-18
0.5 1e-15 7 3.5E+08 6.79394E-18
0.5 2e-15 4 2E+08 9.65139E-18
0.5 3e-15 3 1.5E+08 1.25966E-17
0.5 4e-15 2 1E+08 1.59388E-17
0.5 5e-15 2 1E+08 1.58328E-17
0.5 6e-15 2 1E+08 1.57513E-17
0.5 7e-15 2 1E+08 1.76705E-17
0.5 8e-15 2 1E+08 1.76317E-17
0.5 9e-15 2 1E+08 1.75647E-17
0.5 10e-15 1 5E+07 2.28881E-17
0.51 0.125e-15 52 2.6E+09 4.07731E-18
0.51 0.25e-15 25 1.25E+09 4.69225E-18
0.51 0.5e-15 12 6E+08 6.41202E-18
0.51 1e-15 7 3.5E+08 7.21037E-18
0.51 2e-15 4 2E+08 1.22416E-17
0.51 3e-15 3 1.5E+08 1.32982E-17
0.51 4e-15 2 1E+08 1.70395E-17
0.51 5e-15 2 1E+08 1.69561E-17
0.51 6e-15 2 1E+08 1.68559E-17
0.51 7e-15 2 1E+08 1.88633E-17
0.51 8e-15 2 1E+08 1.88856E-17
0.51 9e-15 2 1E+08 2.08117E-17
0.51 10e-15 1 5E+07 2.44549E-17
0.52 0.125e-15 53 2.65E+09 4.47081E-18
0.52 0.25e-15 23 1.15E+09 5.61625E-18
0.52 0.5e-15 12 6E+08 8.4588E-18
0.52 1e-15 7 3.5E+08 8.64153E-18
0.52 2e-15 4 2E+08 1.29111E-17
0.52 3e-15 3 1.5E+08 1.4034E-17
0.52 4e-15 2 1E+08 1.81463E-17
0.52 5e-15 2 1E+08 1.81259E-17
0.52 6e-15 2 1E+08 1.80111E-17
0.52 7e-15 2 1E+08 1.99526E-17
0.52 8e-15 2 1E+08 2.01914E-17
0.52 9e-15 2 1E+08 2.01162E-17
0.52 10e-15 1 5E+07 2.60851E-17
0.53 0.125e-15 57 2.85E+09 4.62474E-18
0.53 0.25e-15 27 1.35E+09 5.27325E-18
0.53 0.5e-15 14 7E+08 6.54646E-18
0.53 1e-15 7 3.5E+08 8.35705E-18
0.53 2e-15 4 2E+08 1.17352E-17
0.53 3e-15 4 2E+08 1.16782E-17
0.53 4e-15 2 1E+08 1.92665E-17
0.53 5e-15 2 1E+08 1.93491E-17
0.53 6e-15 2 1E+08 1.92177E-17
0.53 7e-15 2 1E+08 1.91317E-17
0.53 8e-15 2 1E+08 2.15415E-17
0.53 9e-15 2 1E+08 2.14765E-17
0.53 10e-15 1 5E+07 2.77808E-17
0.54 0.125e-15 54 2.7E+09 5.25529E-18
0.54 0.25e-15 25 1.25E+09 6.04335E-18
0.54 0.5e-15 13 6.5E+08 8.15304E-18
0.54 1e-15 7 3.5E+08 9.69697E-18
0.54 2e-15 4 2E+08 1.2475E-17
0.54 3e-15 4 2E+08 1.07483E-17
0.54 4e-15 2 1E+08 2.02406E-17
0.54 5e-15 2 1E+08 2.06196E-17
0.54 6e-15 2 1E+08 2.04771E-17
0.54 7e-15 2 1E+08 2.03746E-17
0.54 8e-15 2 1E+08 2.29203E-17
0.54 9e-15 2 1E+08 2.28977E-17
0.54 10e-15 1 5E+07 2.95439E-17
0.55 0.125e-15 58 2.9E+09 5.62926E-18
0.55 0.25e-15 21 1.05E+09 7.60661E-18
0.55 0.5e-15 13 6.5E+08 7.78072E-18
0.55 1e-15 8 4E+08 1.05634E-17
0.55 2e-15 4 2E+08 1.32248E-17
0.55 3e-15 3 1.5E+08 1.52452E-17
0.55 4e-15 2 1E+08 2.13418E-17
0.55 5e-15 2 1E+08 2.19385E-17
0.55 6e-15 2 1E+08 2.17907E-17
0.55 7e-15 2 1E+08 2.16728E-17
0.55 8e-15 2 1E+08 2.42483E-17
0.55 9e-15 2 1E+08 2.43702E-17
0.55 10e-15 1 5E+07 3.13764E-17
0.56 0.125e-15 56 2.8E+09 6.16963E-18
0.56 0.25e-15 25 1.25E+09 6.99625E-18
0.56 0.5e-15 14 7E+08 8.58059E-18
0.56 1e-15 7 3.5E+08 1.19668E-17
0.56 2e-15 4 2E+08 1.60786E-17
0.56 3e-15 3 1.5E+08 1.61941E-17
0.56 4e-15 2 1E+08 2.24154E-17
0.56 5e-15 2 1E+08 2.3296E-17
0.56 6e-15 2 1E+08 2.31591E-17
0.56 7e-15 2 1E+08 2.30214E-17
0.56 8e-15 2 1E+08 2.53259E-17
0.56 9e-15 2 1E+08 2.5894E-17
0.56 10e-15 1 5E+07 3.32796E-17
0.57 0.125e-15 58 2.9E+09 6.39162E-18
0.57 0.25e-15 24 1.2E+09 8.04722E-18
0.57 0.5e-15 14 7E+08 9.04925E-18
0.57 1e-15 7 3.5E+08 1.16704E-17
0.57 2e-15 4 2E+08 1.47742E-17
0.57 3e-15 3 1.5E+08 1.71815E-17
0.57 4e-15 2 1E+08 2.35455E-17
0.57 5e-15 2 1E+08 2.469E-17
0.57 6e-15 2 1E+08 2.45828E-17
0.57 7e-15 2 1E+08 3.16118E-17
0.57 8e-15 2 1E+08 2.43183E-17
0.57 9e-15 2 1E+08 2.74603E-17
0.57 10e-15 1 5E+07 3.52548E-17
0.58 0.125e-15 55 2.75E+09 7.12344E-18
0.58 0.25e-15 27 1.35E+09 7.94022E-18
0.58 0.5e-15 14 7E+08 1.01857E-17
0.58 1e-15 7 3.5E+08 1.12341E-17
0.58 2e-15 4 2E+08 1.671E-17
0.58 3e-15 3 1.5E+08 1.82109E-17
0.58 4e-15 2 1E+08 2.48339E-17
0.58 5e-15 2 1E+08 2.61024E-17
0.58 6e-15 2 1E+08 2.60639E-17
0.58 7e-15 2 1E+08 2.58927E-17
0.58 8e-15 2 1E+08 2.57662E-17
0.58 9e-15 1 5E+07 3.7303E-17
0.58 10e-15 1 5E+07 3.73082E-17
0.59 0.125e-15 57 2.85E+09 7.79226E-18
0.59 0.25e-15 25 1.25E+09 8.67693E-18
0.59 0.5e-15 11 5.5E+08 1.25818E-17
0.59 1e-15 8 4E+08 1.39702E-17
0.59 2e-15 4 2E+08 1.63801E-17
0.59 3e-15 3 1.5E+08 1.92747E-17
0.59 4e-15 3 1.5E+08 1.90903E-17
0.59 5e-15 2 1E+08 2.7499E-17
0.59 6e-15 2 1E+08 2.75975E-17
0.59 7e-15 2 1E+08 2.74162E-17
0.59 8e-15 2 1E+08 2.72679E-17
0.59 9e-15 1 5E+07 3.94259E-17
0.59 10e-15 1 5E+07 3.94314E-17
0.6 0.125e-15 60 3E+09 8.04864E-18
0.6 0.25e-15 22 1.1E+09 1.09253E-17
0.6 0.5e-15 12 6E+08 1.26207E-17
0.6 1e-15 7 3.5E+08 1.31153E-17
0.6 2e-15 4 2E+08 1.72157E-17
0.6 3e-15 3 1.5E+08 2.03845E-17
0.6 4e-15 3 1.5E+08 2.01828E-17
0.6 5e-15 2 1E+08 2.88704E-17
0.6 6e-15 2 1E+08 2.91928E-17
0.6 7e-15 2 1E+08 2.90005E-17
0.6 8e-15 2 1E+08 2.88369E-17
0.6 9e-15 1 5E+07 4.16426E-17
0.6 10e-15 1 5E+07 4.16483E-17
0.61 0.125e-15 61 3.05E+09 8.7791E-18
0.61 0.25e-15 26 1.3E+09 1.01259E-17
0.61 0.5e-15 11 5.5E+08 1.42527E-17
0.61 1e-15 6 3E+08 2.29241E-17
0.61 2e-15 4 2E+08 2.36348E-17
0.61 3e-15 3 1.5E+08 2.15278E-17
0.61 4e-15 3 1.5E+08 2.13088E-17
0.61 5e-15 2 1E+08 3.00964E-17
0.61 6e-15 2 1E+08 3.08326E-17
0.61 7e-15 2 1E+08 3.06379E-17
0.61 8e-15 2 1E+08 3.04576E-17
0.61 9e-15 1 5E+07 4.39215E-17
0.61 10e-15 1 5E+07 4.39274E-17
0.62 0.125e-15 59 2.95E+09 9.81998E-18
0.62 0.25e-15 21 1.05E+09 1.25448E-17
0.62 0.5e-15 11 5.5E+08 1.43966E-17
0.62 1e-15 6 3E+08 1.74766E-17
0.62 2e-15 4 2E+08 2.14195E-17
0.62 3e-15 3 1.5E+08 2.27077E-17
0.62 4e-15 3 1.5E+08 2.24759E-17
0.62 5e-15 2 1E+08 3.1502E-17
0.62 6e-15 2 1E+08 3.25139E-17
0.62 7e-15 2 1E+08 3.23343E-17
0.62 8e-15 2 1E+08 3.21373E-17
0.62 9e-15 1 5E+07 4.62768E-17
0.62 10e-15 1 5E+07 4.62829E-17
0.63 0.125e-15 56 2.8E+09 1.05633E-17
0.63 0.25e-15 24 1.2E+09 1.15948E-17
0.63 0.5e-15 13 6.5E+08 1.50539E-17
0.63 1e-15 7 3.5E+08 1.72451E-17
0.63 2e-15 4 2E+08 2.19486E-17
0.63 3e-15 3 1.5E+08 2.33262E-17
0.63 4e-15 2 1E+08 3.71998E-17
0.63 5e-15 2 1E+08 3.21893E-17
0.63 6e-15 2 1E+08 3.33463E-17
0.63 7e-15 2 1E+08 3.30847E-17
0.63 8e-15 2 1E+08 3.29801E-17
0.63 9e-15 1 5E+07 4.69231E-17
0.63 10e-15 1 5E+07 4.69294E-17
0.64 0.125e-15 52 2.6E+09 1.11088E-17
0.64 0.25e-15 24 1.2E+09 1.22811E-17
0.64 0.5e-15 11 5.5E+08 1.62966E-17
0.64 1e-15 6 3E+08 2.30952E-17
0.64 2e-15 4 2E+08 2.16739E-17
0.64 3e-15 3 1.5E+08 2.45797E-17
0.64 4e-15 3 1.5E+08 2.43422E-17
0.64 5e-15 2 1E+08 3.37432E-17
0.64 6e-15 2 1E+08 3.82528E-17
0.64 7e-15 2 1E+08 3.50136E-17
0.64 8e-15 2 1E+08 3.4784E-17
0.64 9e-15 1 5E+07 4.94463E-17
0.64 10e-15 1 5E+07 4.9453E-17
0.65 0.125e-15 32 1.6E+09 1.23716E-17
0.65 0.25e-15 17 8.5E+08 1.61237E-17
0.65 0.5e-15 10 5E+08 1.75984E-17
0.65 1e-15 7 3.5E+08 1.93336E-17
0.65 2e-15 4 2E+08 2.26934E-17
0.65 3e-15 3 1.5E+08 2.58627E-17
0.65 4e-15 2 1E+08 3.22216E-17
0.65 5e-15 2 1E+08 3.53381E-17
0.65 6e-15 2 1E+08 3.68425E-17
0.65 7e-15 2 1E+08 4.53894E-17
0.65 8e-15 2 1E+08 3.66472E-17
0.65 9e-15 1 5E+07 5.20464E-17
0.65 10e-15 1 5E+07 5.20533E-17
0.66 0.125e-15 33 1.65E+09 1.27064E-17
0.66 0.25e-15 17 8.5E+08 1.65307E-17
0.66 0.5e-15 11 5.5E+08 1.92146E-17
0.66 1e-15 7 3.5E+08 2.20974E-17
0.66 2e-15 4 2E+08 2.62599E-17
0.66 3e-15 3 1.5E+08 3.3612E-17
0.66 4e-15 2 1E+08 3.3893E-17
0.66 5e-15 2 1E+08 3.3709E-17
0.66 6e-15 2 1E+08 3.85224E-17
0.66 7e-15 2 1E+08 3.88105E-17
0.66 8e-15 2 1E+08 3.85668E-17
0.66 9e-15 1 5E+07 5.47227E-17
0.66 10e-15 1 5E+07 5.47299E-17
0.67 0.125e-15 23 1.15E+09 1.4396E-17
0.67 0.25e-15 19 9.5E+08 1.55583E-17
0.67 0.5e-15 11 5.5E+08 1.85634E-17
0.67 1e-15 6 3E+08 2.83244E-17
0.67 2e-15 4 2E+08 2.48615E-17
0.67 3e-15 3 1.5E+08 2.85259E-17
0.67 4e-15 2 1E+08 3.56063E-17
0.67 5e-15 2 1E+08 3.5408E-17
0.67 6e-15 2 1E+08 4.02394E-17
0.67 7e-15 2 1E+08 4.07907E-17
0.67 8e-15 2 1E+08 4.05502E-17
0.67 9e-15 1 5E+07 5.74747E-17
0.67 10e-15 1 5E+07 5.74822E-17
0.68 0.125e-15 19 9.5E+08 1.55712E-17
0.68 0.25e-15 20 1E+09 1.70551E-17
0.68 0.5e-15 11 5.5E+08 1.99106E-17
0.68 1e-15 6 3E+08 2.95273E-17
0.68 2e-15 4 2E+08 2.60095E-17
0.68 3e-15 3 1.5E+08 3.22477E-17
0.68 4e-15 2 1E+08 3.73751E-17
0.68 5e-15 2 1E+08 3.71552E-17
0.68 6e-15 2 1E+08 4.19747E-17
0.68 7e-15 2 1E+08 4.28122E-17
0.68 8e-15 2 1E+08 4.25812E-17
0.68 9e-15 1 5E+07 6.03021E-17
0.68 10e-15 1 5E+07 6.03098E-17
0.69 0.125e-15 14 7E+08 1.90571E-17
0.69 0.25e-15 21 1.05E+09 1.72263E-17
0.69 0.5e-15 10 5E+08 2.35429E-17
0.69 1e-15 6 3E+08 2.80887E-17
0.69 2e-15 4 2E+08 3.34566E-17
0.69 3e-15 3 1.5E+08 3.82357E-17
0.69 4e-15 2 1E+08 3.91912E-17
0.69 5e-15 2 1E+08 3.89639E-17
0.69 6e-15 2 1E+08 4.36962E-17
0.69 7e-15 2 1E+08 4.48709E-17
0.69 8e-15 2 1E+08 4.46722E-17
0.69 9e-15 1 5E+07 6.32042E-17
0.69 10e-15 1 5E+07 6.32123E-17
0.7 0.125e-15 12 6E+08 1.96066E-17
0.7 0.25e-15 28 1.4E+09 1.60157E-17
0.7 0.5e-15 8 4E+08 2.62936E-17
0.7 1e-15 7 3.5E+08 2.54829E-17
0.7 2e-15 4 2E+08 3.39667E-17
0.7 3e-15 3 1.5E+08 3.26942E-17
0.7 4e-15 2 1E+08 4.10547E-17
0.7 5e-15 2 1E+08 4.08083E-17
0.7 6e-15 2 1E+08 4.55941E-17
0.7 7e-15 2 1E+08 4.6949E-17
0.7 8e-15 1 5E+07 6.61706E-17
0.7 9e-15 1 5E+07 6.61809E-17
0.7 10e-15 1 5E+07 6.61892E-17
0.71 0.125e-15 18 9E+08 1.88114E-17
0.71 0.25e-15 26 1.3E+09 1.76341E-17
0.71 0.5e-15 10 5E+08 2.74493E-17
0.71 1e-15 7 3.5E+08 2.52158E-17
0.71 2e-15 4 2E+08 3.38964E-17
0.71 3e-15 3 1.5E+08 4.15877E-17
0.71 4e-15 2 1E+08 4.29647E-17
0.71 5e-15 2 1E+08 4.26992E-17
0.71 6e-15 2 1E+08 4.75404E-17
0.71 7e-15 2 1E+08 4.90718E-17
0.71 8e-15 1 5E+07 6.92211E-17
0.71 9e-15 1 5E+07 6.92317E-17
0.71 10e-15 1 5E+07 6.92402E-17
0.72 0.125e-15 14 7E+08 2.15764E-17
0.72 0.25e-15 22 1.1E+09 1.95789E-17
0.72 0.5e-15 9 4.5E+08 2.67341E-17
0.72 1e-15 5 2.5E+08 3.9101E-17
0.72 2e-15 4 2E+08 3.47136E-17
0.72 3e-15 3 1.5E+08 3.81087E-17
0.72 4e-15 2 1E+08 4.49141E-17
0.72 5e-15 2 1E+08 4.4648E-17
0.72 6e-15 2 1E+08 4.9489E-17
0.72 7e-15 2 1E+08 5.11454E-17
0.72 8e-15 1 5E+07 7.23394E-17
0.72 9e-15 1 5E+07 7.23503E-17
0.72 10e-15 1 5E+07 7.2359E-17
0.73 0.125e-15 17 8.5E+08 2.17008E-17
0.73 0.25e-15 18 9E+08 2.45235E-17
0.73 0.5e-15 12 6E+08 2.67094E-17
0.73 1e-15 6 3E+08 3.59756E-17
0.73 2e-15 3 1.5E+08 4.17812E-17
0.73 3e-15 3 1.5E+08 3.70601E-17
0.73 4e-15 2 1E+08 4.69159E-17
0.73 5e-15 2 1E+08 5.35301E-17
0.73 6e-15 2 1E+08 4.64186E-17
0.73 7e-15 2 1E+08 5.32487E-17
0.73 8e-15 1 5E+07 7.55385E-17
0.73 9e-15 1 5E+07 7.55496E-17
0.73 10e-15 1 5E+07 7.55586E-17
0.74 0.125e-15 16 8E+08 2.28208E-17
0.74 0.25e-15 22 1.1E+09 2.11744E-17
0.74 0.5e-15 9 4.5E+08 3.14363E-17
0.74 1e-15 7 3.5E+08 2.86366E-17
0.74 2e-15 3 1.5E+08 4.36108E-17
0.74 3e-15 3 1.5E+08 3.85674E-17
0.74 4e-15 2 1E+08 4.89618E-17
0.74 5e-15 2 1E+08 4.86814E-17
0.74 6e-15 2 1E+08 4.8442E-17
0.74 7e-15 2 1E+08 5.52749E-17
0.74 8e-15 1 5E+07 7.88103E-17
0.74 9e-15 1 5E+07 7.88217E-17
0.74 10e-15 1 5E+07 7.88308E-17
0.75 0.125e-15 18 9E+08 2.29169E-17
0.75 0.25e-15 16 8E+08 2.63696E-17
0.75 0.5e-15 11 5.5E+08 2.83388E-17
0.75 1e-15 6 3E+08 3.11655E-17
0.75 2e-15 3 1.5E+08 4.55817E-17
0.75 3e-15 3 1.5E+08 4.01012E-17
0.75 4e-15 2 1E+08 5.10526E-17
0.75 5e-15 2 1E+08 5.07615E-17
0.75 6e-15 2 1E+08 5.05117E-17
0.75 7e-15 2 1E+08 5.74142E-17
0.75 8e-15 1 5E+07 8.21546E-17
0.75 9e-15 1 5E+07 8.21662E-17
0.75 10e-15 1 5E+07 8.21755E-17
0.76 0.125e-15 9 4.5E+08 2.84239E-17
0.76 0.25e-15 14 7E+08 2.71128E-17
0.76 0.5e-15 9 4.5E+08 3.12979E-17
0.76 1e-15 5 2.5E+08 4.06306E-17
0.76 2e-15 4 2E+08 3.58707E-17
0.76 3e-15 3 1.5E+08 4.1667E-17
0.76 4e-15 2 1E+08 6.05597E-17
0.76 5e-15 2 1E+08 5.28995E-17
0.76 6e-15 2 1E+08 5.26269E-17
0.76 7e-15 2 1E+08 5.95258E-17
0.76 8e-15 1 5E+07 8.5571E-17
0.76 9e-15 1 5E+07 8.55828E-17
0.76 10e-15 1 5E+07 8.55923E-17
0.77 0.125e-15 9 4.5E+08 3.03725E-17
0.77 0.25e-15 12 6E+08 2.89024E-17
0.77 0.5e-15 9 4.5E+08 3.35039E-17
0.77 1e-15 5 2.5E+08 5.0769E-17
0.77 2e-15 4 2E+08 4.37236E-17
0.77 3e-15 3 1.5E+08 4.32785E-17
0.77 4e-15 2 1E+08 6.04223E-17
0.77 5e-15 2 1E+08 5.50707E-17
0.77 6e-15 2 1E+08 5.4788E-17
0.77 7e-15 2 1E+08 6.18138E-17
0.77 8e-15 1 5E+07 8.90592E-17
0.77 9e-15 1 5E+07 8.90712E-17
0.77 10e-15 1 5E+07 8.90809E-17
0.78 0.125e-15 9 4.5E+08 3.22246E-17
0.78 0.25e-15 12 6E+08 3.36767E-17
0.78 0.5e-15 12 6E+08 3.13195E-17
0.78 1e-15 6 3E+08 3.97899E-17
0.78 2e-15 4 2E+08 3.76227E-17
0.78 3e-15 3 1.5E+08 4.78013E-17
0.78 4e-15 2 1E+08 5.75713E-17
0.78 5e-15 2 1E+08 5.72992E-17
0.78 6e-15 2 1E+08 5.69933E-17
0.78 7e-15 2 1E+08 6.41399E-17
0.78 8e-15 1 5E+07 9.26188E-17
0.78 9e-15 1 5E+07 9.2631E-17
0.78 10e-15 1 5E+07 9.26408E-17
0.79 0.125e-15 6 3E+08 3.77906E-17
0.79 0.25e-15 13 6.5E+08 2.97023E-17
0.79 0.5e-15 10 5E+08 3.56629E-17
0.79 1e-15 6 3E+08 4.27576E-17
0.79 2e-15 3 1.5E+08 5.36513E-17
0.79 3e-15 3 1.5E+08 4.95495E-17
0.79 4e-15 2 1E+08 7.703E-17
0.79 5e-15 2 1E+08 5.9571E-17
0.79 6e-15 2 1E+08 5.92628E-17
0.79 7e-15 2 1E+08 6.6489E-17
0.79 8e-15 1 5E+07 9.62493E-17
0.79 9e-15 1 5E+07 9.62617E-17
0.79 10e-15 1 5E+07 9.62716E-17
0.8 0.125e-15 9 4.5E+08 3.55969E-17
0.8 0.25e-15 12 6E+08 3.21614E-17
0.8 0.5e-15 9 4.5E+08 3.44817E-17
0.8 1e-15 5 2.5E+08 4.81187E-17
0.8 2e-15 3 1.5E+08 5.57911E-17
0.8 3e-15 3 1.5E+08 5.43705E-17
0.8 4e-15 2 1E+08 7.98334E-17
0.8 5e-15 2 1E+08 7.95583E-17
0.8 6e-15 2 1E+08 6.15594E-17
0.8 7e-15 2 1E+08 6.13016E-17
0.8 8e-15 1 5E+07 9.99504E-17
0.8 9e-15 1 5E+07 9.99629E-17
0.8 10e-15 1 5E+07 9.99729E-17
0.81 0.125e-15 6 3E+08 4.21193E-17
0.81 0.25e-15 11 5.5E+08 3.66046E-17
0.81 0.5e-15 9 4.5E+08 3.73843E-17
0.81 1e-15 7 3.5E+08 4.23874E-17
0.81 2e-15 3 1.5E+08 6.68011E-17
0.81 3e-15 3 1.5E+08 5.3202E-17
0.81 4e-15 2 1E+08 6.44409E-17
0.81 5e-15 2 1E+08 6.42363E-17
0.81 6e-15 2 1E+08 6.38981E-17
0.81 7e-15 2 1E+08 6.36361E-17
0.81 8e-15 1 5E+07 1.03721E-16
0.81 9e-15 1 5E+07 1.03734E-16
0.81 10e-15 1 5E+07 1.03744E-16
0.82 0.125e-15 3 1.5E+08 5.51925E-17
0.82 0.25e-15 15 7.5E+08 3.26399E-17
0.82 0.5e-15 9 4.5E+08 4.45444E-17
0.82 1e-15 6 3E+08 4.96543E-17
0.82 2e-15 4 2E+08 5.97328E-17
0.82 3e-15 3 1.5E+08 5.99719E-17
0.82 4e-15 2 1E+08 8.13138E-17
0.82 5e-15 2 1E+08 6.66381E-17
0.82 6e-15 2 1E+08 8.50777E-17
0.82 7e-15 2 1E+08 6.60131E-17
0.82 8e-15 1 5E+07 1.07562E-16
0.82 9e-15 1 5E+07 1.07575E-16
0.82 10e-15 1 5E+07 1.07585E-16
0.83 0.125e-15 2 1E+08 6.91413E-17
0.83 0.25e-15 11 5.5E+08 3.51078E-17
0.83 0.5e-15 10 5E+08 4.2234E-17
0.83 1e-15 5 2.5E+08 5.86677E-17
0.83 2e-15 4 2E+08 5.10156E-17
0.83 3e-15 3 1.5E+08 7.04413E-17
0.83 4e-15 2 1E+08 6.92639E-17
0.83 5e-15 2 1E+08 6.90815E-17
0.83 6e-15 2 1E+08 6.87248E-17
0.83 7e-15 2 1E+08 6.84328E-17
0.83 8e-15 1 5E+07 1.11471E-16
0.83 9e-15 1 5E+07 1.11484E-16
0.83 10e-15 1 5E+07 1.11494E-16
0.84 0.125e-15 1 5E+07 1.13476E-16
0.84 0.25e-15 13 6.5E+08 3.56421E-17
0.84 0.5e-15 8 4E+08 4.75374E-17
0.84 1e-15 6 3E+08 5.85065E-17
0.84 2e-15 3 1.5E+08 7.47123E-17
0.84 3e-15 3 1.5E+08 6.77169E-17
0.84 4e-15 2 1E+08 7.17492E-17
0.84 5e-15 2 1E+08 7.14299E-17
0.84 6e-15 2 1E+08 7.11892E-17
0.84 7e-15 2 1E+08 7.08938E-17
0.84 8e-15 1 5E+07 1.15449E-16
0.84 9e-15 1 5E+07 1.15462E-16
0.84 10e-15 1 5E+07 1.15472E-16
0.85 0.125e-15 2 1E+08 9.38968E-17
0.85 0.25e-15 11 5.5E+08 3.73232E-17
0.85 0.5e-15 8 4E+08 5.37066E-17
0.85 1e-15 6 3E+08 5.76076E-17
0.85 2e-15 3 1.5E+08 6.69987E-17
0.85 3e-15 3 1.5E+08 7.57727E-17
0.85 4e-15 2 1E+08 7.40828E-17
0.85 5e-15 2 1E+08 7.40902E-17
0.85 6e-15 2 1E+08 7.37204E-17
0.85 7e-15 2 1E+08 7.33943E-17
0.85 8e-15 1 5E+07 1.19494E-16
0.85 9e-15 1 5E+07 1.19507E-16
0.85 10e-15 1 5E+07 1.19518E-16
0.86 0.125e-15 1 5E+07 1.21756E-16
0.86 0.25e-15 6 3E+08 4.99768E-17
0.86 0.5e-15 7 3.5E+08 5.85943E-17
0.86 1e-15 6 3E+08 6.14316E-17
0.86 2e-15 3 1.5E+08 7.14925E-17
0.86 3e-15 3 1.5E+08 7.24609E-17
0.86 4e-15 2 1E+08 7.65749E-17
0.86 5e-15 2 1E+08 7.66462E-17
0.86 6e-15 2 1E+08 7.62888E-17
0.86 7e-15 2 1E+08 7.59678E-17
0.86 8e-15 1 5E+07 1.23607E-16
0.86 9e-15 1 5E+07 1.2362E-16
0.86 10e-15 1 5E+07 1.2363E-16
0.87 0.125e-15 1 5E+07 1.26024E-16
0.87 0.25e-15 7 3.5E+08 5.10237E-17
0.87 0.5e-15 9 4.5E+08 4.73748E-17
0.87 1e-15 5 2.5E+08 8.30986E-17
0.87 2e-15 3 1.5E+08 7.18146E-17
0.87 3e-15 3 1.5E+08 7.1316E-17
0.87 4e-15 2 1E+08 1.00749E-16
0.87 5e-15 2 1E+08 1.02218E-16
0.87 6e-15 2 1E+08 7.88797E-17
0.87 7e-15 2 1E+08 7.8555E-17
0.87 8e-15 1 5E+07 1.27786E-16
0.87 9e-15 1 5E+07 1.27799E-16
0.87 10e-15 1 5E+07 1.27809E-16
0.88 0.125e-15 1 5E+07 1.30349E-16
0.88 0.25e-15 6 3E+08 5.07582E-17
0.88 0.5e-15 8 4E+08 5.86728E-17
0.88 1e-15 5 2.5E+08 6.64723E-17
0.88 2e-15 3 1.5E+08 7.42397E-17
0.88 3e-15 3 1.5E+08 6.37354E-17
0.88 4e-15 2 1E+08 8.16562E-17
0.88 5e-15 2 1E+08 8.18965E-17
0.88 6e-15 2 1E+08 8.15289E-17
0.88 7e-15 2 1E+08 8.11788E-17
0.88 8e-15 1 5E+07 1.3203E-16
0.88 9e-15 1 5E+07 1.32043E-16
0.88 10e-15 1 5E+07 1.32054E-16
0.89 0.125e-15 2 1E+08 9.68454E-17
0.89 0.25e-15 9 4.5E+08 5.03266E-17
0.89 0.5e-15 9 4.5E+08 5.84737E-17
0.89 1e-15 5 2.5E+08 6.91504E-17
0.89 2e-15 4 2E+08 6.90056E-17
0.89 3e-15 3 1.5E+08 6.56364E-17
0.89 4e-15 2 1E+08 8.42627E-17
0.89 5e-15 2 1E+08 8.45853E-17
0.89 6e-15 2 1E+08 8.42286E-17
0.89 7e-15 1 5E+07 1.36348E-16
0.89 8e-15 1 5E+07 1.36364E-16
0.89 9e-15 1 5E+07 1.36377E-16
0.89 10e-15 1 5E+07 1.36387E-16
0.9 0.125e-15 1 5E+07 1.39214E-16
0.9 0.25e-15 6 3E+08 6.22345E-17
0.9 0.5e-15 8 4E+08 5.92767E-17
0.9 1e-15 6 3E+08 7.49393E-17
0.9 2e-15 3 1.5E+08 9.16286E-17
0.9 3e-15 3 1.5E+08 6.94292E-17
0.9 4e-15 2 1E+08 8.68983E-17
0.9 5e-15 2 1E+08 1.12907E-16
0.9 6e-15 2 1E+08 8.69355E-17
0.9 7e-15 1 5E+07 1.40722E-16
0.9 8e-15 1 5E+07 1.40739E-16
0.9 9e-15 1 5E+07 1.40751E-16
0.9 10e-15 1 5E+07 1.40762E-16
