 time            time            v(net1)        
 4.00000000e-13  4.00000000e-13  1.83233800e-03 
 8.00000000e-13  8.00000000e-13  2.47279082e-03 
 1.60000000e-12  1.60000000e-12  3.64431114e-03 
 3.20000000e-12  3.20000000e-12  5.55658061e-03 
 6.40000000e-12  6.40000000e-12  8.16532250e-03 
 1.28000000e-11  1.28000000e-11  9.48218644e-03 
 2.56000000e-11  2.56000000e-11  5.34429899e-03 
 4.00000000e-11  4.00000000e-11  1.35127073e-03 
 4.25600000e-11  4.25600000e-11  9.10911409e-04 
 4.76800000e-11  4.76800000e-11  3.58513995e-04 
 5.79200000e-11  5.79200000e-11 -2.90296697e-05 
 7.84000000e-11  7.84000000e-11 -9.41424876e-05 
 1.18400000e-10  1.18400000e-10 -2.05986705e-05 
 1.58400000e-10  1.58400000e-10  6.95090311e-06 
 1.98400000e-10  1.98400000e-10  9.58266046e-06 
 2.38400000e-10  2.38400000e-10  8.74383596e-06 
 2.78400000e-10  2.78400000e-10  8.37502273e-06 
 3.18400000e-10  3.18400000e-10  8.30320680e-06 
 3.58400000e-10  3.58400000e-10  8.28332648e-06 
 3.98400000e-10  3.98400000e-10  8.26154011e-06 
 4.38400000e-10  4.38400000e-10  8.23530945e-06 
 4.78400000e-10  4.78400000e-10  8.20629288e-06 
 5.18400000e-10  5.18400000e-10  8.17495122e-06 
 5.58400000e-10  5.58400000e-10  8.14118576e-06 
 5.98400000e-10  5.98400000e-10  8.10474163e-06 
 6.38400000e-10  6.38400000e-10  8.06531370e-06 
 6.78400000e-10  6.78400000e-10  8.02256764e-06 
 7.18400000e-10  7.18400000e-10  7.97613924e-06 
 7.58400000e-10  7.58400000e-10  7.92562891e-06 
 7.98400000e-10  7.98400000e-10  7.87059603e-06 
 8.38400000e-10  8.38400000e-10  7.81055320e-06 
 8.78400000e-10  8.78400000e-10  7.74496013e-06 
 9.18400000e-10  9.18400000e-10  7.67321666e-06 
 9.58400000e-10  9.58400000e-10  7.59465474e-06 
 9.98400000e-10  9.98400000e-10  7.50852931e-06 
 1.03840000e-09  1.03840000e-09  7.41400763e-06 
 1.07840000e-09  1.07840000e-09  7.31015700e-06 
 1.11840000e-09  1.11840000e-09  7.19593049e-06 
 1.15840000e-09  1.15840000e-09  7.07015011e-06 
 1.19840000e-09  1.19840000e-09  6.93148712e-06 
 1.23840000e-09  1.23840000e-09  6.77843868e-06 
 1.27840000e-09  1.27840000e-09  6.60930007e-06 
 1.31840000e-09  1.31840000e-09  6.42213139e-06 
 1.35840000e-09  1.35840000e-09  6.21471746e-06 
 1.39840000e-09  1.39840000e-09  5.98451913e-06 
 1.43840000e-09  1.43840000e-09  5.72861376e-06 
 1.47840000e-09  1.47840000e-09  5.44362200e-06 
 1.51840000e-09  1.51840000e-09  5.12561677e-06 
 1.55840000e-09  1.55840000e-09  4.77000946e-06 
 1.59840000e-09  1.59840000e-09  4.37140608e-06 
 1.63840000e-09  1.63840000e-09  3.92342406e-06 
 1.67840000e-09  1.67840000e-09  3.41845630e-06 
 1.71840000e-09  1.71840000e-09  2.84736446e-06 
 1.75840000e-09  1.75840000e-09  2.19907588e-06 
 1.79840000e-09  1.79840000e-09  1.46004804e-06 
 1.83840000e-09  1.83840000e-09  6.13548999e-07 
 1.87840000e-09  1.87840000e-09 -3.61320567e-07 
 1.91840000e-09  1.91840000e-09 -1.49097193e-06 
 1.95840000e-09  1.95840000e-09 -2.80919747e-06 
 1.99840000e-09  1.99840000e-09 -4.35979626e-06 
 2.03840000e-09  2.03840000e-09 -6.20029474e-06 
 2.07840000e-09  2.07840000e-09 -9.27385971e-06 
 2.11840000e-09  2.11840000e-09 -1.17960294e-05 
 2.15840000e-09  2.15840000e-09 -1.48548129e-05 
 2.19840000e-09  2.19840000e-09 -1.89057819e-05 
 2.23840000e-09  2.23840000e-09 -2.41580879e-05 
 2.27840000e-09  2.27840000e-09 -3.09038881e-05 
 2.31840000e-09  2.31840000e-09 -3.95526278e-05 
 2.35840000e-09  2.35840000e-09 -5.05170006e-05 
 2.39840000e-09  2.39840000e-09 -6.38227862e-05 
 2.43840000e-09  2.43840000e-09 -7.77716603e-05 
 2.47840000e-09  2.47840000e-09 -8.39231893e-05 
 2.51840000e-09  2.51840000e-09 -4.48113958e-05 
 2.55840000e-09  2.55840000e-09  2.36215033e-04 
 2.59840000e-09  2.59840000e-09  2.17414099e-03 
 2.63840000e-09  2.63840000e-09  2.95450822e-02 
 2.67840000e-09  2.67840000e-09  9.01847820e-02 
 2.71840000e-09  2.71840000e-09  1.58101025e-01 
 2.75840000e-09  2.75840000e-09  2.15873708e-01 
 2.79840000e-09  2.79840000e-09  2.40321331e-01 
 2.83840000e-09  2.83840000e-09  9.36449906e-02 
 2.87840000e-09  2.87840000e-09  7.85979925e-03 
 2.91840000e-09  2.91840000e-09 -3.30779735e-03 
 2.95840000e-09  2.95840000e-09 -1.17066903e-03 
 2.99840000e-09  2.99840000e-09 -8.15608821e-05 
 3.03840000e-09  3.03840000e-09  5.29502613e-05 
 3.07840000e-09  3.07840000e-09  2.45473429e-05 
 3.11840000e-09  3.11840000e-09  1.00148878e-05 
 3.15840000e-09  3.15840000e-09  7.91903647e-06 
 3.19840000e-09  3.19840000e-09  8.17076019e-06 
 3.23840000e-09  3.23840000e-09  8.34208878e-06 
 3.27840000e-09  3.27840000e-09  8.36107535e-06 
 3.31840000e-09  3.31840000e-09  8.34060648e-06 
 3.35840000e-09  3.35840000e-09  8.31600033e-06 
 3.39840000e-09  3.39840000e-09  8.29137193e-06 
 3.43840000e-09  3.43840000e-09  8.26588880e-06 
 3.47840000e-09  3.47840000e-09  8.23886841e-06 
 3.51840000e-09  3.51840000e-09  8.20995815e-06 
 3.55840000e-09  3.55840000e-09  8.17890838e-06 
 3.59840000e-09  3.59840000e-09  8.14547305e-06 
 3.63840000e-09  3.63840000e-09  8.10938321e-06 
 3.67840000e-09  3.67840000e-09  8.07034219e-06 
 3.71840000e-09  3.71840000e-09  8.02802376e-06 
 3.75840000e-09  3.75840000e-09  7.98206946e-06 
 3.79840000e-09  3.79840000e-09  7.93208468e-06 
 3.83840000e-09  3.83840000e-09  7.87763411e-06 
 3.87840000e-09  3.87840000e-09  7.81823635e-06 
 3.91840000e-09  3.91840000e-09  7.75335798e-06 
 3.95840000e-09  3.95840000e-09  7.68240662e-06 
 3.99840000e-09  3.99840000e-09  7.60472305e-06 
 4.03840000e-09  4.03840000e-09  7.51957223e-06 
 4.07840000e-09  4.07840000e-09  7.42613284e-06 
 4.11840000e-09  4.11840000e-09  7.32348525e-06 
 4.15840000e-09  4.15840000e-09  7.21059743e-06 
 4.19840000e-09  4.19840000e-09  7.08630852e-06 
 4.23840000e-09  4.23840000e-09  6.94930955e-06 
 4.27840000e-09  4.27840000e-09  6.79812051e-06 
 4.31840000e-09  4.31840000e-09  6.63106323e-06 
 4.35840000e-09  4.35840000e-09  6.44622877e-06 
 4.39840000e-09  4.39840000e-09  6.24143830e-06 
 4.43840000e-09  4.43840000e-09  6.01419553e-06 
 4.47840000e-09  4.47840000e-09  5.76162872e-06 
 4.51840000e-09  4.51840000e-09  5.48041927e-06 
 4.55840000e-09  4.55840000e-09  5.16671317e-06 
 4.59840000e-09  4.59840000e-09  4.81601037e-06 
 4.63840000e-09  4.63840000e-09  4.42302508e-06 
 4.67840000e-09  4.67840000e-09  3.98150800e-06 
 4.71840000e-09  4.71840000e-09  3.48401775e-06 
 4.75840000e-09  4.75840000e-09  2.92162412e-06 
 4.79840000e-09  4.79840000e-09  2.28351850e-06 
 4.83840000e-09  4.83840000e-09  1.55649711e-06 
 4.87840000e-09  4.87840000e-09  7.24267525e-07 
 4.91840000e-09  4.91840000e-09 -2.33492386e-07 
 4.95840000e-09  4.95840000e-09 -1.34242657e-06 
 4.99840000e-09  4.99840000e-09 -2.63529455e-06 
 5.03840000e-09  5.03840000e-09 -4.15448815e-06 
 5.07840000e-09  5.07840000e-09 -5.95559438e-06 
 5.11840000e-09  5.11840000e-09 -8.96209818e-06 
 5.15840000e-09  5.15840000e-09 -1.14185572e-05 
 5.19840000e-09  5.19840000e-09 -1.43950416e-05 
 5.23840000e-09  5.23840000e-09 -1.83340743e-05 
 5.27840000e-09  5.27840000e-09 -2.34348835e-05 
 5.31840000e-09  5.31840000e-09 -2.99794194e-05 
 5.35840000e-09  5.35840000e-09 -3.83703399e-05 
 5.39840000e-09  5.39840000e-09 -4.90339299e-05 
 5.43840000e-09  5.43840000e-09 -6.20852730e-05 
 5.47840000e-09  5.47840000e-09 -7.61839942e-05 
 5.51840000e-09  5.51840000e-09 -8.43021902e-05 
 5.55840000e-09  5.55840000e-09 -5.53934760e-05 
 5.59840000e-09  5.59840000e-09  1.68796999e-04 
 5.63840000e-09  5.63840000e-09  1.67077633e-03 
 5.67840000e-09  5.67840000e-09  2.10305406e-02 
 5.71840000e-09  5.71840000e-09  7.73751805e-02 
 5.75840000e-09  5.75840000e-09  1.45557639e-01 
 5.79840000e-09  5.79840000e-09  2.06180384e-01 
 5.83840000e-09  5.83840000e-09  2.41800615e-01 
 5.87840000e-09  5.87840000e-09  1.61872239e-01 
 5.91840000e-09  5.91840000e-09  2.66602642e-02 
 5.95840000e-09  5.95840000e-09 -2.88709939e-03 
 5.99840000e-09  5.99840000e-09 -2.07726874e-03 
 6.03840000e-09  6.03840000e-09 -3.11667456e-04 
 6.07840000e-09  6.07840000e-09  4.87726806e-05 
 6.11840000e-09  6.11840000e-09  3.62450917e-05 
 6.15840000e-09  6.15840000e-09  1.31355978e-05 
 6.19840000e-09  6.19840000e-09  8.03190853e-06 
 6.23840000e-09  6.23840000e-09  7.96712286e-06 
 6.27840000e-09  6.27840000e-09  8.21159948e-06 
 6.31840000e-09  6.31840000e-09  8.26531245e-06 
 6.35840000e-09  6.35840000e-09  8.24767989e-06 
 6.39840000e-09  6.39840000e-09  8.21757541e-06 
 6.43840000e-09  6.43840000e-09  8.18582074e-06 
 6.47840000e-09  6.47840000e-09  8.15254034e-06 
 6.51840000e-09  6.51840000e-09  8.11695971e-06 
 6.55840000e-09  6.55840000e-09  8.07855472e-06 
 6.59840000e-09  6.59840000e-09  8.03694252e-06 
 6.63840000e-09  6.63840000e-09  7.99176446e-06 
 6.67840000e-09  6.67840000e-09  7.94263687e-06 
 6.71840000e-09  6.71840000e-09  7.88913533e-06 
 6.75840000e-09  6.75840000e-09  7.83078894e-06 
 6.79840000e-09  6.79840000e-09  7.76707546e-06 
 6.83840000e-09  6.83840000e-09  7.69741509e-06 
 6.87840000e-09  6.87840000e-09  7.62116294e-06 
 6.91840000e-09  6.91840000e-09  7.53760024e-06 
 6.95840000e-09  6.95840000e-09  7.44592420e-06 
 6.99840000e-09  6.99840000e-09  7.34523634e-06 
 7.03840000e-09  7.03840000e-09  7.23452881e-06 
 7.07840000e-09  7.07840000e-09  7.11266854e-06 
 7.11840000e-09  7.11840000e-09  6.97837850e-06 
 7.15840000e-09  7.15840000e-09  6.83021567e-06 
 7.19840000e-09  7.19840000e-09  6.66654478e-06 
 7.23840000e-09  7.23840000e-09  6.48550694e-06 
 7.27840000e-09  7.27840000e-09  6.28498198e-06 
 7.31840000e-09  7.31840000e-09  6.06254276e-06 
 7.35840000e-09  7.35840000e-09  5.81539948e-06 
 7.39840000e-09  7.39840000e-09  5.54033134e-06 
 7.43840000e-09  7.43840000e-09  5.23360182e-06 
 7.47840000e-09  7.47840000e-09  4.89085304e-06 
 7.51840000e-09  7.51840000e-09  4.50697263e-06 
 7.55840000e-09  7.55840000e-09  4.07592469e-06 
 7.59840000e-09  7.59840000e-09  3.59053278e-06 
 7.63840000e-09  7.63840000e-09  3.04219880e-06 
 7.67840000e-09  7.67840000e-09  2.42053482e-06 
 7.71840000e-09  7.71840000e-09  1.71287571e-06 
 7.75840000e-09  7.75840000e-09  9.03626683e-07 
 7.79840000e-09  7.79840000e-09 -2.66200866e-08 
 7.83840000e-09  7.83840000e-09 -1.10229549e-06 
 7.87840000e-09  7.87840000e-09 -2.35452956e-06 
 7.91840000e-09  7.91840000e-09 -3.82349821e-06 
 7.95840000e-09  7.95840000e-09 -5.56174001e-06 
 7.99840000e-09  7.99840000e-09 -8.46133166e-06 
 8.03840000e-09  8.03840000e-09 -1.08136041e-05 
 8.07840000e-09  8.07840000e-09 -1.36598077e-05 
 8.11840000e-09  8.11840000e-09 -1.74217263e-05 
 8.15840000e-09  8.15840000e-09 -2.22827781e-05 
 8.19840000e-09  8.19840000e-09 -2.85080323e-05 
 8.23840000e-09  8.23840000e-09 -3.64867839e-05 
 8.27840000e-09  8.27840000e-09 -4.66586710e-05 
 8.31840000e-09  8.31840000e-09 -5.92544705e-05 
 8.35840000e-09  8.35840000e-09 -7.34107192e-05 
 8.39840000e-09  8.39840000e-09 -8.39621977e-05 
 8.43840000e-09  8.43840000e-09 -6.80750279e-05 
 8.47840000e-09  8.47840000e-09  8.57679123e-05 
 8.51840000e-09  8.51840000e-09  1.08402971e-03 
 8.55840000e-09  8.55840000e-09  1.07739536e-02 
 8.59840000e-09  8.59840000e-09  5.94923378e-02 
 8.63840000e-09  8.63840000e-09  1.27026231e-01 
 8.67840000e-09  8.67840000e-09  1.91134284e-01 
 8.71840000e-09  8.71840000e-09  2.38638317e-01 
 8.75840000e-09  8.75840000e-09  2.18290714e-01 
 8.79840000e-09  8.79840000e-09  4.83240923e-02 
 8.83840000e-09  8.83840000e-09 -1.29143309e-03 
 8.87840000e-09  8.87840000e-09 -2.88239763e-03 
 8.91840000e-09  8.91840000e-09 -5.76450164e-04 
 8.95840000e-09  8.95840000e-09  3.37793394e-05 
 8.99840000e-09  8.99840000e-09  4.76339721e-05 
 9.03840000e-09  9.03840000e-09  1.67063626e-05 
 9.07840000e-09  9.07840000e-09  8.37857532e-06 
 9.11840000e-09  9.11840000e-09  8.02916223e-06 
 9.15840000e-09  9.15840000e-09  8.39825594e-06 
 9.19840000e-09  9.19840000e-09  8.50314574e-06 
 9.23840000e-09  9.23840000e-09  8.49753951e-06 
 9.27840000e-09  9.27840000e-09  8.47652345e-06 
 9.31840000e-09  9.31840000e-09  8.45728977e-06 
 9.35840000e-09  9.35840000e-09  8.43923878e-06 
 9.39840000e-09  9.39840000e-09  8.42110372e-06 
 9.43840000e-09  9.43840000e-09  8.40242966e-06 
 9.47840000e-09  9.47840000e-09  8.38305113e-06 
 9.51840000e-09  9.51840000e-09  8.36284289e-06 
 9.55840000e-09  9.55840000e-09  8.34166790e-06 
 9.59840000e-09  9.59840000e-09  8.31937436e-06 
 9.63840000e-09  9.63840000e-09  8.29579750e-06 
 9.67840000e-09  9.67840000e-09  8.27075953e-06 
 9.71840000e-09  9.71840000e-09  8.24406837e-06 
 9.75840000e-09  9.75840000e-09  8.21551600e-06 
 9.79840000e-09  9.79840000e-09  8.18487661e-06 
 9.83840000e-09  9.83840000e-09  8.15190446e-06 
 9.87840000e-09  9.87840000e-09  8.11633163e-06 
 9.91840000e-09  9.91840000e-09  8.07786527e-06 
 9.95840000e-09  9.95840000e-09  8.03618462e-06 
 9.99840000e-09  9.99840000e-09  7.99093754e-06 
 1.00384000e-08  1.00384000e-08  7.94173656e-06 
 1.00784000e-08  1.00784000e-08  7.88815432e-06 
 1.01184000e-08  1.01184000e-08  7.82971849e-06 
 1.01584000e-08  1.01584000e-08  7.76590583e-06 
 1.01984000e-08  1.01984000e-08  7.69613552e-06 
 1.02384000e-08  1.02384000e-08  7.61976148e-06 
 1.02784000e-08  1.02784000e-08  7.53606356e-06 
 1.03184000e-08  1.03184000e-08  7.44423739e-06 
 1.03584000e-08  1.03584000e-08  7.34338269e-06 
 1.03984000e-08  1.03984000e-08  7.23248957e-06 
 1.04384000e-08  1.04384000e-08  7.11042259e-06 
 1.04784000e-08  1.04784000e-08  6.97590202e-06 
 1.05184000e-08  1.05184000e-08  6.82748170e-06 
 1.05584000e-08  1.05584000e-08  6.66352270e-06 
 1.05984000e-08  1.05984000e-08  6.48216193e-06 
 1.06384000e-08  1.06384000e-08  6.28127423e-06 
 1.06784000e-08  1.06784000e-08  6.05842661e-06 
 1.07184000e-08  1.07184000e-08  5.81082233e-06 
 1.07584000e-08  1.07584000e-08  5.53523233e-06 
 1.07984000e-08  1.07984000e-08  5.22791017e-06 
 1.08384000e-08  1.08384000e-08  4.88448595e-06 
 1.08784000e-08  1.08784000e-08  4.49983268e-06 
 1.09184000e-08  1.09184000e-08  4.06789646e-06 
 1.09584000e-08  1.09584000e-08  3.58147856e-06 
 1.09984000e-08  1.09984000e-08  3.03195291e-06 
 1.10384000e-08  1.10384000e-08  2.40889624e-06 
 1.10784000e-08  1.10784000e-08  1.69959817e-06 
 1.11184000e-08  1.11184000e-08  8.88405424e-07 
 1.11584000e-08  1.11584000e-08 -4.41664509e-08 
 1.11984000e-08  1.11984000e-08 -1.12264985e-06 
 1.12384000e-08  1.12384000e-08 -2.37831101e-06 
 1.12784000e-08  1.12784000e-08 -3.85151086e-06 
 1.13184000e-08  1.13184000e-08 -5.59504222e-06 
 1.13584000e-08  1.13584000e-08 -8.50362443e-06 
 1.13984000e-08  1.13984000e-08 -1.08646305e-05 
 1.14384000e-08  1.14384000e-08 -1.37217450e-05 
 1.14784000e-08  1.14784000e-08 -1.74984918e-05 
 1.15184000e-08  1.15184000e-08 -2.23796169e-05 
 1.15584000e-08  1.15584000e-08 -2.86316339e-05 
 1.15984000e-08  1.15984000e-08 -3.66450724e-05 
 1.16384000e-08  1.16384000e-08 -4.68588142e-05 
 1.16784000e-08  1.16784000e-08 -5.94950800e-05 
 1.17184000e-08  1.17184000e-08 -7.36543662e-05 
 1.17584000e-08  1.17584000e-08 -8.40313459e-05 
 1.17984000e-08  1.17984000e-08 -6.71851199e-05 
 1.18384000e-08  1.18384000e-08  9.17553119e-05 
 1.18784000e-08  1.18784000e-08  1.12508588e-03 
 1.19184000e-08  1.19184000e-08  1.13397987e-02 
 1.19584000e-08  1.19584000e-08  6.06111311e-02 
 1.19984000e-08  1.19984000e-08  1.28231333e-01 
 1.20384000e-08  1.20384000e-08  1.92140823e-01 
 1.20784000e-08  1.20784000e-08  2.39161449e-01 
 1.21184000e-08  1.21184000e-08  2.16500129e-01 
 1.21584000e-08  1.21584000e-08  4.73436067e-02 
 1.21984000e-08  1.21984000e-08 -1.40514680e-03 
 1.22384000e-08  1.22384000e-08 -2.85487054e-03 
 1.22784000e-08  1.22784000e-08 -5.64116446e-04 
 1.23184000e-08  1.23184000e-08  3.50550686e-05 
 1.23584000e-08  1.23584000e-08  4.72384510e-05 
 1.23984000e-08  1.23984000e-08  1.65390810e-05 
 1.24384000e-08  1.24384000e-08  8.35697638e-06 
 1.24784000e-08  1.24784000e-08  8.02880139e-06 
 1.25184000e-08  1.25184000e-08  8.39478437e-06 
 1.25584000e-08  1.25584000e-08  8.49776963e-06 
 1.25984000e-08  1.25984000e-08  8.49187062e-06 
 1.26384000e-08  1.26384000e-08  8.47084191e-06 
 1.26784000e-08  1.26784000e-08  8.45153981e-06 
 1.27184000e-08  1.27184000e-08  8.43336063e-06 
 1.27584000e-08  1.27584000e-08  8.41505475e-06 
 1.27984000e-08  1.27984000e-08  8.39616973e-06 
 1.28384000e-08  1.28384000e-08  8.37653756e-06 
 1.28784000e-08  1.28784000e-08  8.35602990e-06 
 1.29184000e-08  1.29184000e-08  8.33450644e-06 
 1.29584000e-08  1.29584000e-08  8.31181180e-06 
 1.29984000e-08  1.29984000e-08  8.28777720e-06 
 1.30384000e-08  1.30384000e-08  8.26222033e-06 
 1.30784000e-08  1.30784000e-08  8.23494407e-06 
 1.31184000e-08  1.31184000e-08  8.20573480e-06 
 1.31584000e-08  1.31584000e-08  8.17436041e-06 
 1.31984000e-08  1.31984000e-08  8.14056820e-06 
 1.32384000e-08  1.32384000e-08  8.10408239e-06 
 1.32784000e-08  1.32784000e-08  8.06460136e-06 
 1.33184000e-08  1.33184000e-08  8.02179449e-06 
 1.33584000e-08  1.33584000e-08  7.97529854e-06 
 1.33984000e-08  1.33984000e-08  7.92471352e-06 
 1.34384000e-08  1.34384000e-08  7.86959796e-06 
 1.34784000e-08  1.34784000e-08  7.80946356e-06 
 1.35184000e-08  1.35184000e-08  7.74376903e-06 
 1.35584000e-08  1.35584000e-08  7.67191310e-06 
 1.35984000e-08  1.35984000e-08  7.59322649e-06 
 1.36384000e-08  1.36384000e-08  7.50696268e-06 
 1.36784000e-08  1.36784000e-08  7.41228731e-06 
 1.37184000e-08  1.37184000e-08  7.30826586e-06 
 1.37584000e-08  1.37584000e-08  7.19384924e-06 
 1.37984000e-08  1.37984000e-08  7.06785703e-06 
 1.38384000e-08  1.38384000e-08  6.92895768e-06 
 1.38784000e-08  1.38784000e-08  6.77564511e-06 
 1.39184000e-08  1.39184000e-08  6.60621079e-06 
 1.39584000e-08  1.39584000e-08  6.41871044e-06 
 1.39984000e-08  1.39984000e-08  6.21092366e-06 
 1.40384000e-08  1.40384000e-08  5.98030522e-06 
 1.40784000e-08  1.40784000e-08  5.72392521e-06 
 1.41184000e-08  1.41184000e-08  5.43839560e-06 
 1.41584000e-08  1.41584000e-08  5.11977888e-06 
 1.41984000e-08  1.41984000e-08  4.76347377e-06 
 1.42384000e-08  1.42384000e-08  4.36407084e-06 
 1.42784000e-08  1.42784000e-08  3.91516844e-06 
 1.43184000e-08  1.43184000e-08  3.40913573e-06 
 1.43584000e-08  1.43584000e-08  2.83680456e-06 
 1.43984000e-08  1.43984000e-08  2.18706441e-06 
 1.44384000e-08  1.44384000e-08  1.44632417e-06 
 1.44784000e-08  1.44784000e-08  5.97788774e-07 
 1.45184000e-08  1.45184000e-08 -3.79524068e-07 
 1.45584000e-08  1.45584000e-08 -1.51213601e-06 
 1.45984000e-08  1.45984000e-08 -2.83398812e-06 
 1.46384000e-08  1.46384000e-08 -4.38908226e-06 
 1.46784000e-08  1.46784000e-08 -6.23522455e-06 
 1.47184000e-08  1.47184000e-08 -9.31840163e-06 
 1.47584000e-08  1.47584000e-08 -1.18500120e-05 
 1.47984000e-08  1.47984000e-08 -1.49206273e-05 
 1.48384000e-08  1.48384000e-08 -1.89876914e-05 
 1.48784000e-08  1.48784000e-08 -2.42617772e-05 
 1.49184000e-08  1.49184000e-08 -3.10364773e-05 
 1.49584000e-08  1.49584000e-08 -3.97220998e-05 
 1.49984000e-08  1.49984000e-08 -5.07290353e-05 
 1.50384000e-08  1.50384000e-08 -6.40691182e-05 
 1.50784000e-08  1.50784000e-08 -7.79886336e-05 
 1.51184000e-08  1.51184000e-08 -8.38273503e-05 
 1.51584000e-08  1.51584000e-08 -4.31065309e-05 
 1.51984000e-08  1.51984000e-08  2.47017976e-04 
 1.52384000e-08  1.52384000e-08  2.25698864e-03 
 1.52784000e-08  1.52784000e-08  3.05492029e-02 
 1.53184000e-08  1.53184000e-08  9.16143853e-02 
 1.53584000e-08  1.53584000e-08  1.59467873e-01 
 1.53984000e-08  1.53984000e-08  2.16906403e-01 
 1.54384000e-08  1.54384000e-08  2.40138715e-01 
 1.54784000e-08  1.54784000e-08  8.91004797e-02 
 1.55184000e-08  1.55184000e-08  6.76792171e-03 
 1.55584000e-08  1.55584000e-08 -3.30319395e-03 
 1.55984000e-08  1.55984000e-08 -1.11091958e-03 
 1.56384000e-08  1.56384000e-08 -6.78255931e-05 
 1.56784000e-08  1.56784000e-08  5.30201189e-05 
 1.57184000e-08  1.57184000e-08  2.37983720e-05 
 1.57584000e-08  1.57584000e-08  9.82512344e-06 
 1.57984000e-08  1.57984000e-08  7.92332735e-06 
 1.58384000e-08  1.58384000e-08  8.19810428e-06 
 1.58784000e-08  1.58784000e-08  8.36560641e-06 
 1.59184000e-08  1.59184000e-08  8.38256642e-06 
 1.59584000e-08  1.59584000e-08  8.36236848e-06 
 1.59984000e-08  1.59984000e-08  8.33885996e-06 
 1.60384000e-08  1.60384000e-08  8.31560463e-06 
 1.60784000e-08  1.60784000e-08  8.29166493e-06 
 1.61184000e-08  1.61184000e-08  8.26637033e-06 
 1.61584000e-08  1.61584000e-08  8.23939510e-06 
 1.61984000e-08  1.61984000e-08  8.21051301e-06 
 1.62384000e-08  1.62384000e-08  8.17949970e-06 
 1.62784000e-08  1.62784000e-08  8.14610922e-06 
 1.63184000e-08  1.63184000e-08  8.11007063e-06 
 1.63584000e-08  1.63584000e-08  8.07108668e-06 
 1.63984000e-08  1.63984000e-08  8.02883154e-06 
 1.64384000e-08  1.64384000e-08  7.98294737e-06 
 1.64784000e-08  1.64784000e-08  7.93304031e-06 
 1.65184000e-08  1.65184000e-08  7.87867583e-06 
 1.65584000e-08  1.65584000e-08  7.81937345e-06 
 1.65984000e-08  1.65984000e-08  7.75460075e-06 
 1.66384000e-08  1.66384000e-08  7.68376649e-06 
 1.66784000e-08  1.66784000e-08  7.60621277e-06 
 1.67184000e-08  1.67184000e-08  7.52120603e-06 
 1.67584000e-08  1.67584000e-08  7.42792663e-06 
 1.67984000e-08  1.67984000e-08  7.32545686e-06 
 1.68384000e-08  1.68384000e-08  7.21276689e-06 
 1.68784000e-08  1.68784000e-08  7.08869840e-06 
 1.69184000e-08  1.69184000e-08  6.95194532e-06 
 1.69584000e-08  1.69584000e-08  6.80103101e-06 
 1.69984000e-08  1.69984000e-08  6.63428121e-06 
 1.70384000e-08  1.70384000e-08  6.44979154e-06 
 1.70784000e-08  1.70784000e-08  6.24538852e-06 
 1.71184000e-08  1.71184000e-08  6.01858218e-06 
 1.71584000e-08  1.71584000e-08  5.76650825e-06 
 1.71984000e-08  1.71984000e-08  5.48585707e-06 
 1.72384000e-08  1.72384000e-08  5.17278537e-06 
 1.72784000e-08  1.72784000e-08  4.82280611e-06 
 1.73184000e-08  1.73184000e-08  4.43064936e-06 
 1.73584000e-08  1.73584000e-08  3.99008539e-06 
 1.73984000e-08  1.73984000e-08  3.49369713e-06 
 1.74384000e-08  1.74384000e-08  2.93258482e-06 
 1.74784000e-08  1.74784000e-08  2.29597854e-06 
 1.75184000e-08  1.75184000e-08  1.57072401e-06 
 1.75584000e-08  1.75584000e-08  7.40593090e-07 
 1.75984000e-08  1.75984000e-08 -2.14652103e-07 
 1.76384000e-08  1.76384000e-08 -1.32054356e-06 
 1.76784000e-08  1.76784000e-08 -2.60969028e-06 
 1.77184000e-08  1.77184000e-08 -4.12427911e-06 
 1.77584000e-08  1.77584000e-08 -5.91961484e-06 
 1.77984000e-08  1.77984000e-08 -8.91629925e-06 
 1.78384000e-08  1.78384000e-08 -1.13631595e-05 
 1.78784000e-08  1.78784000e-08 -1.43276303e-05 
 1.79184000e-08  1.79184000e-08 -1.82503261e-05 
 1.79584000e-08  1.79584000e-08 -2.33290216e-05 
 1.79984000e-08  1.79984000e-08 -2.98441459e-05 
 1.80384000e-08  1.80384000e-08 -3.81972551e-05 
 1.80784000e-08  1.80784000e-08 -4.88162729e-05 
 1.81184000e-08  1.81184000e-08 -6.18282298e-05 
 1.81584000e-08  1.81584000e-08 -7.59411643e-05 
 1.81984000e-08  1.81984000e-08 -8.43172088e-05 
 1.82384000e-08  1.82384000e-08 -5.67614668e-05 
 1.82784000e-08  1.82784000e-08  1.60004892e-04 
 1.83184000e-08  1.83184000e-08  1.60688879e-03 
 1.83584000e-08  1.83584000e-08  1.97279143e-02 
 1.83984000e-08  1.83984000e-08  7.52942605e-02 
 1.84384000e-08  1.84384000e-08  1.43468531e-01 
 1.84784000e-08  1.84784000e-08  2.04528387e-01 
 1.85184000e-08  1.85184000e-08  2.41989827e-01 
 1.85584000e-08  1.85584000e-08  1.72477039e-01 
 1.85984000e-08  1.85984000e-08  3.00623645e-02 
 1.86384000e-08  1.86384000e-08 -2.72607609e-03 
 1.86784000e-08  1.86784000e-08 -2.22262301e-03 
 1.87184000e-08  1.87184000e-08 -3.52749677e-04 
 1.87584000e-08  1.87584000e-08  4.74454973e-05 
 1.87984000e-08  1.87984000e-08  3.82227671e-05 
 1.88384000e-08  1.88384000e-08  1.36898781e-05 
 1.88784000e-08  1.88784000e-08  8.07793458e-06 
 1.89184000e-08  1.89184000e-08  7.97557065e-06 
 1.89584000e-08  1.89584000e-08  8.24131700e-06 
 1.89984000e-08  1.89984000e-08  8.30400335e-06 
 1.90384000e-08  1.90384000e-08  8.28933574e-06 
 1.90784000e-08  1.90784000e-08  8.26174968e-06 
 1.91184000e-08  1.91184000e-08  8.23306430e-06 
 1.91584000e-08  1.91584000e-08  8.20333361e-06 
 1.91984000e-08  1.91984000e-08  8.17172690e-06 
 1.92384000e-08  1.92384000e-08  8.13774048e-06 
 1.92784000e-08  1.92784000e-08  8.10103592e-06 
 1.93184000e-08  1.93184000e-08  8.06130443e-06 
 1.93584000e-08  1.93584000e-08  8.01821666e-06 
 1.93984000e-08  1.93984000e-08  7.97140873e-06 
 1.94384000e-08  1.94384000e-08  7.92047807e-06 
 1.94784000e-08  1.94784000e-08  7.86497969e-06 
 1.95184000e-08  1.95184000e-08  7.80442123e-06 
 1.95584000e-08  1.95584000e-08  7.73825687e-06 
 1.95984000e-08  1.95984000e-08  7.66588019e-06 
 1.96384000e-08  1.96384000e-08  7.58661608e-06 
 1.96784000e-08  1.96784000e-08  7.49971143e-06 
 1.97184000e-08  1.97184000e-08  7.40432434e-06 
 1.97584000e-08  1.97584000e-08  7.29951168e-06 
 1.97984000e-08  1.97984000e-08  7.18421450e-06 
 1.98384000e-08  1.98384000e-08  7.05724108e-06 
 1.98784000e-08  1.98784000e-08  6.91724682e-06 
 1.99184000e-08  1.99184000e-08  6.76271053e-06 
 1.99584000e-08  1.99584000e-08  6.59190616e-06 
 1.99984000e-08  1.99984000e-08  6.40286889e-06 
 2.00384000e-08  2.00384000e-08  6.19335430e-06 
 2.00784000e-08  2.00784000e-08  5.96078872e-06 
 2.01184000e-08  2.01184000e-08  5.70220853e-06 
 2.01584000e-08  2.01584000e-08  5.41418538e-06 
 2.01984000e-08  2.01984000e-08  5.09273321e-06 
 2.02384000e-08  2.02384000e-08  4.73319189e-06 
 2.02784000e-08  2.02784000e-08  4.33007998e-06 
 2.03184000e-08  2.03184000e-08  3.87690706e-06 
 2.03584000e-08  2.03584000e-08  3.36593176e-06 
 2.03984000e-08  2.03984000e-08  2.78784699e-06 
 2.04384000e-08  2.04384000e-08  2.13136569e-06 
 2.04784000e-08  2.04784000e-08  1.38266998e-06 
 2.05184000e-08  2.05184000e-08  5.24670170e-07 
 2.05584000e-08  2.05584000e-08 -4.64003522e-07 
 2.05984000e-08  2.05984000e-08 -1.61038864e-06 
 2.06384000e-08  2.06384000e-08 -2.94912167e-06 
 2.06784000e-08  2.06784000e-08 -4.52515334e-06 
 2.07184000e-08  2.07184000e-08 -6.39759910e-06 
 2.07584000e-08  2.07584000e-08 -9.52558766e-06 
 2.07984000e-08  2.07984000e-08 -1.21012823e-05 
 2.08384000e-08  2.08384000e-08 -1.52271726e-05 
 2.08784000e-08  2.08784000e-08 -1.93694357e-05 
 2.09184000e-08  2.09184000e-08 -2.47452639e-05 
 2.09584000e-08  2.09584000e-08 -3.16548415e-05 
 2.09984000e-08  2.09984000e-08 -4.05121172e-05 
 2.10384000e-08  2.10384000e-08 -5.17155105e-05 
 2.10784000e-08  2.10784000e-08 -6.52078492e-05 
 2.11184000e-08  2.11184000e-08 -7.89627956e-05 
 2.11584000e-08  2.11584000e-08 -8.32334170e-05 
 2.11984000e-08  2.11984000e-08 -3.44817807e-05 
 2.12384000e-08  2.12384000e-08  3.01589112e-04 
 2.12784000e-08  2.12784000e-08  2.68462015e-03 
 2.13184000e-08  2.13184000e-08  3.45686762e-02 
 2.13584000e-08  2.13584000e-08  9.71894769e-02 
 2.13984000e-08  2.13984000e-08  1.64735347e-01 
 2.14384000e-08  2.14384000e-08  2.20840733e-01 
 2.14784000e-08  2.14784000e-08  2.39183341e-01 
 2.15184000e-08  2.15184000e-08  7.65305251e-02 
 2.15584000e-08  2.15584000e-08  3.84901992e-03 
 2.15984000e-08  2.15984000e-08 -3.26980455e-03 
 2.16384000e-08  2.16384000e-08 -9.45258094e-04 
 2.16784000e-08  2.16784000e-08 -3.06622960e-05 
 2.17184000e-08  2.17184000e-08  5.29100143e-05 
 2.17584000e-08  2.17584000e-08  2.16721513e-05 
 2.17984000e-08  2.17984000e-08  9.30644372e-06 
 2.18384000e-08  2.18384000e-08  7.94831558e-06 
 2.18784000e-08  2.18784000e-08  8.28339899e-06 
 2.19184000e-08  2.19184000e-08  8.43749697e-06 
 2.19584000e-08  2.19584000e-08  8.44770347e-06 
 2.19984000e-08  2.19984000e-08  8.42779079e-06 
 2.20384000e-08  2.20384000e-08  8.40694387e-06 
 2.20784000e-08  2.20784000e-08  8.38707543e-06 
 2.21184000e-08  2.21184000e-08  8.36697693e-06 
 2.21584000e-08  2.21584000e-08  8.34603148e-06 
 2.21984000e-08  2.21984000e-08  8.32399147e-06 
 2.22384000e-08  2.22384000e-08  8.30069243e-06 
 2.22784000e-08  2.22784000e-08  8.27596609e-06 
 2.23184000e-08  2.23184000e-08  8.24962632e-06 
 2.23584000e-08  2.23584000e-08  8.22146904e-06 
 2.23984000e-08  2.23984000e-08  8.19127217e-06 
 2.24384000e-08  2.24384000e-08  8.15879413e-06 
 2.24784000e-08  2.24784000e-08  8.12377168e-06 
 2.25184000e-08  2.25184000e-08  8.08591725e-06 
 2.25584000e-08  2.25584000e-08  8.04491603e-06 
 2.25984000e-08  2.25984000e-08  8.00042253e-06 
 2.26384000e-08  2.26384000e-08  7.95205678e-06 
 2.26784000e-08  2.26784000e-08  7.89939994e-06 
 2.27184000e-08  2.27184000e-08  7.84198922e-06 
 2.27584000e-08  2.27584000e-08  7.77931225e-06 
 2.27984000e-08  2.27984000e-08  7.71080046e-06 
 2.28384000e-08  2.28384000e-08  7.63582168e-06 
 2.28784000e-08  2.28784000e-08  7.55367156e-06 
 2.29184000e-08  2.29184000e-08  7.46356371e-06 
 2.29584000e-08  2.29584000e-08  7.36461834e-06 
 2.29984000e-08  2.29984000e-08  7.25584900e-06 
 2.30384000e-08  2.30384000e-08  7.13614714e-06 
 2.30784000e-08  2.30784000e-08  7.00426396e-06 
 2.31184000e-08  2.31184000e-08  6.85878906e-06 
 2.31584000e-08  2.31584000e-08  6.69812496e-06 
 2.31984000e-08  2.31984000e-08  6.52045688e-06 
 2.32384000e-08  2.32384000e-08  6.32371622e-06 
 2.32784000e-08  2.32784000e-08  6.10553661e-06 
 2.33184000e-08  2.33184000e-08  5.86320019e-06 
 2.33584000e-08  2.33584000e-08  5.59357186e-06 
 2.33984000e-08  2.33984000e-08  5.29301795e-06 
 2.34384000e-08  2.34384000e-08  4.95730484e-06 
 2.34784000e-08  2.34784000e-08  4.58147152e-06 
 2.35184000e-08  2.35184000e-08  4.15966797e-06 
 2.35584000e-08  2.35584000e-08  3.68494814e-06 
 2.35984000e-08  2.35984000e-08  3.14900219e-06 
 2.36384000e-08  2.36384000e-08  2.54180655e-06 
 2.36784000e-08  2.36784000e-08  1.85116162e-06 
 2.37184000e-08  2.37184000e-08  1.06207420e-06 
 2.37584000e-08  2.37584000e-08  1.55923002e-07 
 2.37984000e-08  2.37984000e-08 -8.90681777e-07 
 2.38384000e-08  2.38384000e-08 -2.10747509e-06 
 2.38784000e-08  2.38784000e-08 -3.53274018e-06 
 2.39184000e-08  2.39184000e-08 -5.21641750e-06 
 2.39584000e-08  2.39584000e-08 -8.02332523e-06 
 2.39984000e-08  2.39984000e-08 -1.02858674e-05 
 2.40384000e-08  2.40384000e-08 -1.30200868e-05 
 2.40784000e-08  2.40784000e-08 -1.66298737e-05 
 2.41184000e-08  2.41184000e-08 -2.12850056e-05 
 2.41584000e-08  2.41584000e-08 -2.72354378e-05 
 2.41984000e-08  2.41984000e-08 -3.48566721e-05 
 2.42384000e-08  2.42384000e-08 -4.45925495e-05 
 2.42784000e-08  2.42784000e-08 -5.67505940e-05 
 2.43184000e-08  2.43184000e-08 -7.07997547e-05 
 2.43584000e-08  2.43584000e-08 -8.28638752e-05 
 2.43984000e-08  2.43984000e-08 -7.56060055e-05 
 2.44384000e-08  2.44384000e-08  3.19499124e-05 
 2.44784000e-08  2.44784000e-08  7.29330412e-04 
 2.45184000e-08  2.45184000e-08  6.58662040e-03 
 2.45584000e-08  2.45584000e-08  5.00832776e-02 
 2.45984000e-08  2.45984000e-08  1.16545739e-01 
 2.46384000e-08  2.46384000e-08  1.82198570e-01 
 2.46784000e-08  2.46784000e-08  2.33201640e-01 
 2.47184000e-08  2.47184000e-08  2.29567036e-01 
 2.47584000e-08  2.47584000e-08  5.62918171e-02 
 2.47984000e-08  2.47984000e-08 -1.76676095e-04 
 2.48384000e-08  2.48384000e-08 -3.06493165e-03 
 2.48784000e-08  2.48784000e-08 -6.78380419e-04 
 2.49184000e-08  2.49184000e-08  2.05101411e-05 
 2.49584000e-08  2.49584000e-08  5.02442487e-05 
 2.49984000e-08  2.49984000e-08  1.80929633e-05 
 2.50384000e-08  2.50384000e-08  8.58469909e-06 
 2.50784000e-08  2.50784000e-08  8.01922313e-06 
 2.51184000e-08  2.51184000e-08  8.40138392e-06 
 2.51584000e-08  2.51584000e-08  8.52156273e-06 
 2.51984000e-08  2.51984000e-08  8.51911109e-06 
 2.52384000e-08  2.52384000e-08  8.49816581e-06 
 2.52784000e-08  2.52784000e-08  8.47899460e-06 
 2.53184000e-08  2.53184000e-08  8.46128559e-06 
 2.53584000e-08  2.53584000e-08  8.44368056e-06 
 2.53984000e-08  2.53984000e-08  8.42568988e-06 
 2.54384000e-08  2.54384000e-08  8.40715044e-06 
 2.54784000e-08  2.54784000e-08  8.38794728e-06 
 2.55184000e-08  2.55184000e-08  8.36795485e-06 
 2.55584000e-08  2.55584000e-08  8.34703390e-06 
 2.55984000e-08  2.55984000e-08  8.32503373e-06 
 2.56384000e-08  2.56384000e-08  8.30179231e-06 
 2.56784000e-08  2.56784000e-08  8.27713521e-06 
 2.57184000e-08  2.57184000e-08  8.25087412e-06 
 2.57584000e-08  2.57584000e-08  8.22280516e-06 
 2.57984000e-08  2.57984000e-08  8.19270712e-06 
 2.58384000e-08  2.58384000e-08  8.16033945e-06 
 2.58784000e-08  2.58784000e-08  8.12543995e-06 
 2.59184000e-08  2.59184000e-08  8.08772227e-06 
 2.59584000e-08  2.59584000e-08  8.04687289e-06 
 2.59984000e-08  2.59984000e-08  8.00254783e-06 
 2.60384000e-08  2.60384000e-08  7.95436880e-06 
 2.60784000e-08  2.60784000e-08  7.90191882e-06 
 2.61184000e-08  2.61184000e-08  7.84473727e-06 
 2.61584000e-08  2.61584000e-08  7.78231416e-06 
 2.61984000e-08  2.61984000e-08  7.71408369e-06 
 2.62384000e-08  2.62384000e-08  7.63941677e-06 
 2.62784000e-08  2.62784000e-08  7.55761258e-06 
 2.63184000e-08  2.63184000e-08  7.46788873e-06 
 2.63584000e-08  2.63584000e-08  7.36937000e-06 
 2.63984000e-08  2.63984000e-08  7.26107515e-06 
 2.64384000e-08  2.64384000e-08  7.14190161e-06 
 2.64784000e-08  2.64784000e-08  7.01060748e-06 
 2.65184000e-08  2.65184000e-08  6.86579029e-06 
 2.65584000e-08  2.65584000e-08  6.70586178e-06 
 2.65984000e-08  2.65984000e-08  6.52901789e-06 
 2.66384000e-08  2.66384000e-08  6.33320259e-06 
 2.66784000e-08  2.66784000e-08  6.11606427e-06 
 2.67184000e-08  2.67184000e-08  5.87490255e-06 
 2.67584000e-08  2.67584000e-08  5.60660315e-06 
 2.67984000e-08  2.67984000e-08  5.30755735e-06 
 2.68384000e-08  2.68384000e-08  4.97356162e-06 
 2.68784000e-08  2.68784000e-08  4.59969164e-06 
 2.69184000e-08  2.69184000e-08  4.18014235e-06 
 2.69584000e-08  2.69584000e-08  3.70802336e-06 
 2.69984000e-08  2.69984000e-08  3.17509441e-06 
 2.70384000e-08  2.70384000e-08  2.57141978e-06 
 2.70784000e-08  2.70784000e-08  1.88491195e-06 
 2.71184000e-08  2.71184000e-08  1.10072238e-06 
 2.71584000e-08  2.71584000e-08  2.00418652e-07 
 2.71984000e-08  2.71984000e-08 -8.39139421e-07 
 2.72384000e-08  2.72384000e-08 -2.04735277e-06 
 2.72784000e-08  2.72784000e-08 -3.46205212e-06 
 2.73184000e-08  2.73184000e-08 -5.13255755e-06 
 2.73584000e-08  2.73584000e-08 -7.91710763e-06 
 2.73984000e-08  2.73984000e-08 -1.01580893e-05 
 2.74384000e-08  2.74384000e-08 -1.28654332e-05 
 2.74784000e-08  2.74784000e-08 -1.64387276e-05 
 2.75184000e-08  2.75184000e-08 -2.10444748e-05 
 2.75584000e-08  2.75584000e-08 -2.69289318e-05 
 2.75984000e-08  2.75984000e-08 -3.44640021e-05 
 2.76384000e-08  2.76384000e-08 -4.40936147e-05 
 2.76784000e-08  2.76784000e-08 -5.61408530e-05 
 2.77184000e-08  2.77184000e-08 -7.01448589e-05 
 2.77584000e-08  2.77584000e-08 -8.25013470e-05 
 2.77984000e-08  2.77984000e-08 -7.70115897e-05 
 2.78384000e-08  2.78384000e-08  2.14755834e-05 
 2.78784000e-08  2.78784000e-08  6.60490927e-04 
 2.79184000e-08  2.79184000e-08  5.88701123e-03 
 2.79584000e-08  2.79584000e-08  4.81692784e-02 
 2.79984000e-08  2.79984000e-08  1.14319477e-01 
 2.80384000e-08  2.80384000e-08  1.80255647e-01 
 2.80784000e-08  2.80784000e-08  2.31901847e-01 
 2.81184000e-08  2.81184000e-08  2.31282041e-01 
 2.81584000e-08  2.81584000e-08  5.80053600e-02 
 2.81984000e-08  2.81984000e-08  1.05386259e-04 
 2.82384000e-08  2.82384000e-08 -3.09504957e-03 
 2.82784000e-08  2.82784000e-08 -7.00653808e-04 
 2.83184000e-08  2.83184000e-08  1.70204901e-05 
 2.83584000e-08  2.83584000e-08  5.06704037e-05 
 2.83984000e-08  2.83984000e-08  1.83961332e-05 
 2.84384000e-08  2.84384000e-08  8.63579650e-06 
 2.84784000e-08  2.84784000e-08  8.01455104e-06 
 2.85184000e-08  2.85184000e-08  8.39685255e-06 
 2.85584000e-08  2.85584000e-08  8.52029336e-06 
 2.85984000e-08  2.85984000e-08  8.51873114e-06 
 2.86384000e-08  2.86384000e-08  8.49784571e-06 
 2.86784000e-08  2.86784000e-08  8.47863554e-06 
 2.87184000e-08  2.87184000e-08  8.46090606e-06 
 2.87584000e-08  2.87584000e-08  8.44329065e-06 
 2.87984000e-08  2.87984000e-08  8.42528981e-06 
 2.88384000e-08  2.88384000e-08  8.40673765e-06 
 2.88784000e-08  2.88784000e-08  8.38751879e-06 
 2.89184000e-08  2.89184000e-08  8.36750759e-06 
 2.89584000e-08  2.89584000e-08  8.34656467e-06 
 2.89984000e-08  2.89984000e-08  8.32453912e-06 
 2.90384000e-08  2.90384000e-08  8.30126864e-06 
 2.90784000e-08  2.90784000e-08  8.27657851e-06 
 2.91184000e-08  2.91184000e-08  8.25028010e-06 
 2.91584000e-08  2.91584000e-08  8.22216918e-06 
 2.91984000e-08  2.91984000e-08  8.19202413e-06 
 2.92384000e-08  2.92384000e-08  8.15960396e-06 
 2.92784000e-08  2.92784000e-08  8.12464596e-06 
 2.93184000e-08  2.93184000e-08  8.08686322e-06 
 2.93584000e-08  2.93584000e-08  8.04594159e-06 
 2.93984000e-08  2.93984000e-08  8.00153639e-06 
 2.94384000e-08  2.94384000e-08  7.95326852e-06 
 2.94784000e-08  2.94784000e-08  7.90072012e-06 
 2.95184000e-08  2.95184000e-08  7.84342953e-06 
 2.95584000e-08  2.95584000e-08  7.78088563e-06 
 2.95984000e-08  2.95984000e-08  7.71252131e-06 
 2.96384000e-08  2.96384000e-08  7.63770602e-06 
 2.96784000e-08  2.96784000e-08  7.55573723e-06 
 2.97184000e-08  2.97184000e-08  7.46583068e-06 
 2.97584000e-08  2.97584000e-08  7.36710897e-06 
 2.97984000e-08  2.97984000e-08  7.25858837e-06 
 2.98384000e-08  2.98384000e-08  7.13916347e-06 
 2.98784000e-08  2.98784000e-08  7.00758911e-06 
 2.99184000e-08  2.99184000e-08  6.86245901e-06 
 2.99584000e-08  2.99584000e-08  6.70218056e-06 
 2.99984000e-08  2.99984000e-08  6.52494457e-06 
 3.00000000e-08  3.00000000e-08  6.45354243e-06 
