 time            time            v(net3)        
 4.00000000e-13  4.00000000e-13  4.70052243e-03 
 8.00000000e-13  8.00000000e-13  5.37774124e-03 
 1.60000000e-12  1.60000000e-12  6.62425880e-03 
 3.20000000e-12  3.20000000e-12  8.69469137e-03 
 6.40000000e-12  6.40000000e-12  1.17202943e-02 
 1.28000000e-11  1.28000000e-11  1.55236527e-02 
 2.56000000e-11  2.56000000e-11  1.92363104e-02 
 4.00000000e-11  4.00000000e-11  2.09810970e-02 
 4.25600000e-11  4.25600000e-11  2.10821379e-02 
 4.76800000e-11  4.76800000e-11  2.12969988e-02 
 5.79200000e-11  5.79200000e-11  2.17492550e-02 
 7.84000000e-11  7.84000000e-11  2.26628746e-02 
 1.18400000e-10  1.18400000e-10  2.44328739e-02 
 1.58400000e-10  1.58400000e-10  2.61957001e-02 
 1.98400000e-10  1.98400000e-10  2.79571870e-02 
 2.38400000e-10  2.38400000e-10  2.97177108e-02 
 2.78400000e-10  2.78400000e-10  3.14768748e-02 
 3.18400000e-10  3.18400000e-10  3.32345908e-02 
 3.58400000e-10  3.58400000e-10  3.49909343e-02 
 3.98400000e-10  3.98400000e-10  3.67459995e-02 
 4.38400000e-10  4.38400000e-10  3.84998658e-02 
 4.78400000e-10  4.78400000e-10  4.02526009e-02 
 5.18400000e-10  5.18400000e-10  4.20042644e-02 
 5.58400000e-10  5.58400000e-10  4.37549093e-02 
 5.98400000e-10  5.98400000e-10  4.55045825e-02 
 6.38400000e-10  6.38400000e-10  4.72533247e-02 
 6.78400000e-10  6.78400000e-10  4.90011712e-02 
 7.18400000e-10  7.18400000e-10  5.07481515e-02 
 7.58400000e-10  7.58400000e-10  5.24942904e-02 
 7.98400000e-10  7.98400000e-10  5.42396072e-02 
 8.38400000e-10  8.38400000e-10  5.59841167e-02 
 8.78400000e-10  8.78400000e-10  5.77278289e-02 
 9.18400000e-10  9.18400000e-10  5.94707488e-02 
 9.58400000e-10  9.58400000e-10  6.12128771e-02 
 9.98400000e-10  9.98400000e-10  6.29542090e-02 
 1.03840000e-09  1.03840000e-09  6.46947351e-02 
 1.07840000e-09  1.07840000e-09  6.64344405e-02 
 1.11840000e-09  1.11840000e-09  6.81733047e-02 
 1.15840000e-09  1.15840000e-09  6.99113011e-02 
 1.19840000e-09  1.19840000e-09  7.16483967e-02 
 1.23840000e-09  1.23840000e-09  7.33845517e-02 
 1.27840000e-09  1.27840000e-09  7.51197184e-02 
 1.31840000e-09  1.31840000e-09  7.68538410e-02 
 1.35840000e-09  1.35840000e-09  7.85868545e-02 
 1.39840000e-09  1.39840000e-09  8.03186836e-02 
 1.43840000e-09  1.43840000e-09  8.20492420e-02 
 1.47840000e-09  1.47840000e-09  8.37784306e-02 
 1.51840000e-09  1.51840000e-09  8.55061361e-02 
 1.55840000e-09  1.55840000e-09  8.72322293e-02 
 1.59840000e-09  1.59840000e-09  8.89565626e-02 
 1.63840000e-09  1.63840000e-09  9.06789676e-02 
 1.67840000e-09  1.67840000e-09  9.23992516e-02 
 1.71840000e-09  1.71840000e-09  9.41171942e-02 
 1.75840000e-09  1.75840000e-09  9.58325419e-02 
 1.79840000e-09  1.79840000e-09  9.75450027e-02 
 1.83840000e-09  1.83840000e-09  9.92542384e-02 
 1.87840000e-09  1.87840000e-09  1.00959855e-01 
 1.91840000e-09  1.91840000e-09  1.02661393e-01 
 1.95840000e-09  1.95840000e-09  1.04358309e-01 
 1.99840000e-09  1.99840000e-09  1.06049958e-01 
 2.03840000e-09  2.03840000e-09  1.07735570e-01 
 2.07840000e-09  2.07840000e-09  1.09411773e-01 
 2.11840000e-09  2.11840000e-09  1.11080428e-01 
 2.15840000e-09  2.15840000e-09  1.12740372e-01 
 2.19840000e-09  2.19840000e-09  1.14389598e-01 
 2.23840000e-09  2.23840000e-09  1.16025836e-01 
 2.27840000e-09  2.27840000e-09  1.17646692e-01 
 2.31840000e-09  2.31840000e-09  1.19249909e-01 
 2.35840000e-09  2.35840000e-09  1.20834224e-01 
 2.39840000e-09  2.39840000e-09  1.22401667e-01 
 2.43840000e-09  2.43840000e-09  1.23963318e-01 
 2.47840000e-09  2.47840000e-09  1.25554093e-01 
 2.51840000e-09  2.51840000e-09  1.27275548e-01 
 2.55840000e-09  2.55840000e-09  1.29453430e-01 
 2.59840000e-09  2.59840000e-09  1.33517125e-01 
 2.63840000e-09  2.63840000e-09  1.58477774e-01 
 2.67840000e-09  2.67840000e-09  2.03979584e-01 
 2.71840000e-09  2.71840000e-09  2.33614660e-01 
 2.75840000e-09  2.75840000e-09  1.95036073e-01 
 2.79840000e-09  2.79840000e-09  7.35939347e-02 
 2.83840000e-09  2.83840000e-09  3.22815309e-02 
 2.87840000e-09  2.87840000e-09  1.90231477e-02 
 2.91840000e-09  2.91840000e-09  1.60415312e-02 
 2.95840000e-09  2.95840000e-09  1.62238394e-02 
 2.99840000e-09  2.99840000e-09  1.74236436e-02 
 3.03840000e-09  3.03840000e-09  1.89989690e-02 
 3.07840000e-09  3.07840000e-09  2.07072069e-02 
 3.11840000e-09  3.11840000e-09  2.24564907e-02 
 3.15840000e-09  3.15840000e-09  2.42165895e-02 
 3.19840000e-09  3.19840000e-09  2.59787607e-02 
 3.23840000e-09  3.23840000e-09  2.77405275e-02 
 3.27840000e-09  3.27840000e-09  2.95011357e-02 
 3.31840000e-09  3.31840000e-09  3.12603684e-02 
 3.35840000e-09  3.35840000e-09  3.30182052e-02 
 3.39840000e-09  3.39840000e-09  3.47746962e-02 
 3.43840000e-09  3.43840000e-09  3.65299110e-02 
 3.47840000e-09  3.47840000e-09  3.82839208e-02 
 3.51840000e-09  3.51840000e-09  4.00367917e-02 
 3.55840000e-09  3.55840000e-09  4.17885841e-02 
 3.59840000e-09  3.59840000e-09  4.35393518e-02 
 3.63840000e-09  3.63840000e-09  4.52891423e-02 
 3.67840000e-09  3.67840000e-09  4.70379972e-02 
 3.71840000e-09  3.71840000e-09  4.87859523e-02 
 3.75840000e-09  3.75840000e-09  5.05330379e-02 
 3.79840000e-09  3.79840000e-09  5.22792792e-02 
 3.83840000e-09  3.83840000e-09  5.40246964e-02 
 3.87840000e-09  3.87840000e-09  5.57693047e-02 
 3.91840000e-09  3.91840000e-09  5.75131147e-02 
 3.95840000e-09  3.95840000e-09  5.92561321e-02 
 3.99840000e-09  3.99840000e-09  6.09983580e-02 
 4.03840000e-09  4.03840000e-09  6.27397884e-02 
 4.07840000e-09  4.07840000e-09  6.44804145e-02 
 4.11840000e-09  4.11840000e-09  6.62202219e-02 
 4.15840000e-09  4.15840000e-09  6.79591910e-02 
 4.19840000e-09  4.19840000e-09  6.96972959e-02 
 4.23840000e-09  4.23840000e-09  7.14345045e-02 
 4.27840000e-09  4.27840000e-09  7.31707777e-02 
 4.31840000e-09  4.31840000e-09  7.49060690e-02 
 4.35840000e-09  4.35840000e-09  7.66403235e-02 
 4.39840000e-09  4.39840000e-09  7.83734774e-02 
 4.43840000e-09  4.43840000e-09  8.01054569e-02 
 4.47840000e-09  4.47840000e-09  8.18361769e-02 
 4.51840000e-09  4.51840000e-09  8.35655400e-02 
 4.55840000e-09  4.55840000e-09  8.52934348e-02 
 4.59840000e-09  4.59840000e-09  8.70197341e-02 
 4.63840000e-09  4.63840000e-09  8.87442928e-02 
 4.67840000e-09  4.67840000e-09  9.04669451e-02 
 4.71840000e-09  4.71840000e-09  9.21875017e-02 
 4.75840000e-09  4.75840000e-09  9.39057456e-02 
 4.79840000e-09  4.79840000e-09  9.56214279e-02 
 4.83840000e-09  4.83840000e-09  9.73342614e-02 
 4.87840000e-09  4.87840000e-09  9.90439143e-02 
 4.91840000e-09  4.91840000e-09  1.00750000e-01 
 4.95840000e-09  4.95840000e-09  1.02452068e-01 
 4.99840000e-09  4.99840000e-09  1.04149585e-01 
 5.03840000e-09  5.03840000e-09  1.05841922e-01 
 5.07840000e-09  5.07840000e-09  1.07528324e-01 
 5.11840000e-09  5.11840000e-09  1.09205484e-01 
 5.15840000e-09  5.15840000e-09  1.10875246e-01 
 5.19840000e-09  5.19840000e-09  1.12536472e-01 
 5.23840000e-09  5.23840000e-09  1.14187195e-01 
 5.27840000e-09  5.27840000e-09  1.15825186e-01 
 5.31840000e-09  5.31840000e-09  1.17448075e-01 
 5.35840000e-09  5.35840000e-09  1.19053568e-01 
 5.39840000e-09  5.39840000e-09  1.20640202e-01 
 5.43840000e-09  5.43840000e-09  1.22209393e-01 
 5.47840000e-09  5.47840000e-09  1.23770582e-01 
 5.51840000e-09  5.51840000e-09  1.25354343e-01 
 5.55840000e-09  5.55840000e-09  1.27049563e-01 
 5.59840000e-09  5.59840000e-09  1.29135349e-01 
 5.63840000e-09  5.63840000e-09  1.32767908e-01 
 5.67840000e-09  5.67840000e-09  1.51365303e-01 
 5.71840000e-09  5.71840000e-09  1.95325162e-01 
 5.75840000e-09  5.75840000e-09  2.31469541e-01 
 5.79840000e-09  5.79840000e-09  2.10005074e-01 
 5.83840000e-09  5.83840000e-09  9.50117347e-02 
 5.87840000e-09  5.87840000e-09  4.53061811e-02 
 5.91840000e-09  5.91840000e-09  2.77206532e-02 
 5.95840000e-09  5.95840000e-09  2.33214594e-02 
 5.99840000e-09  5.99840000e-09  2.31557972e-02 
 6.03840000e-09  6.03840000e-09  2.42237280e-02 
 6.07840000e-09  6.07840000e-09  2.57354220e-02 
 6.11840000e-09  6.11840000e-09  2.74162795e-02 
 6.15840000e-09  6.15840000e-09  2.91530487e-02 
 6.19840000e-09  6.19840000e-09  3.09052504e-02 
 6.23840000e-09  6.23840000e-09  3.26608801e-02 
 6.27840000e-09  6.27840000e-09  3.44167239e-02 
 6.31840000e-09  6.31840000e-09  3.61718620e-02 
 6.35840000e-09  6.35840000e-09  3.79260004e-02 
 6.39840000e-09  6.39840000e-09  3.96790634e-02 
 6.43840000e-09  6.43840000e-09  4.14310605e-02 
 6.47840000e-09  6.47840000e-09  4.31820298e-02 
 6.51840000e-09  6.51840000e-09  4.49320150e-02 
 6.55840000e-09  6.55840000e-09  4.66810574e-02 
 6.59840000e-09  6.59840000e-09  4.84291934e-02 
 6.63840000e-09  6.63840000e-09  5.01764542e-02 
 6.67840000e-09  6.67840000e-09  5.19228661e-02 
 6.71840000e-09  6.71840000e-09  5.36684501e-02 
 6.75840000e-09  6.75840000e-09  5.54132225e-02 
 6.79840000e-09  6.79840000e-09  5.71571948e-02 
 6.83840000e-09  6.83840000e-09  5.89003738e-02 
 6.87840000e-09  6.87840000e-09  6.06427614e-02 
 6.91840000e-09  6.91840000e-09  6.23843548e-02 
 6.95840000e-09  6.95840000e-09  6.41251461e-02 
 6.99840000e-09  6.99840000e-09  6.58651221e-02 
 7.03840000e-09  7.03840000e-09  6.76042642e-02 
 7.07840000e-09  7.07840000e-09  6.93425479e-02 
 7.11840000e-09  7.11840000e-09  7.10799424e-02 
 7.15840000e-09  7.15840000e-09  7.28164101e-02 
 7.19840000e-09  7.19840000e-09  7.45519060e-02 
 7.23840000e-09  7.23840000e-09  7.62863770e-02 
 7.27840000e-09  7.27840000e-09  7.80197613e-02 
 7.31840000e-09  7.31840000e-09  7.97519870e-02 
 7.35840000e-09  7.35840000e-09  8.14829716e-02 
 7.39840000e-09  7.39840000e-09  8.32126203e-02 
 7.43840000e-09  7.43840000e-09  8.49408246e-02 
 7.47840000e-09  7.47840000e-09  8.66674608e-02 
 7.51840000e-09  7.51840000e-09  8.83923876e-02 
 7.55840000e-09  7.55840000e-09  9.01154437e-02 
 7.59840000e-09  7.59840000e-09  9.18364447e-02 
 7.63840000e-09  7.63840000e-09  9.35551799e-02 
 7.67840000e-09  7.67840000e-09  9.52714070e-02 
 7.71840000e-09  7.71840000e-09  9.69848475e-02 
 7.75840000e-09  7.75840000e-09  9.86951792e-02 
 7.79840000e-09  7.79840000e-09  1.00402028e-01 
 7.83840000e-09  7.83840000e-09  1.02104956e-01 
 7.87840000e-09  7.87840000e-09  1.03803450e-01 
 7.91840000e-09  7.91840000e-09  1.05496901e-01 
 7.95840000e-09  7.95840000e-09  1.07184583e-01 
 7.99840000e-09  7.99840000e-09  1.08863290e-01 
 8.03840000e-09  8.03840000e-09  1.10534841e-01 
 8.07840000e-09  8.07840000e-09  1.12198136e-01 
 8.11840000e-09  8.11840000e-09  1.13851274e-01 
 8.15840000e-09  8.15840000e-09  1.15492095e-01 
 8.19840000e-09  8.19840000e-09  1.17118276e-01 
 8.23840000e-09  8.23840000e-09  1.18727488e-01 
 8.27840000e-09  8.27840000e-09  1.20317997e-01 
 8.31840000e-09  8.31840000e-09  1.21890358e-01 
 8.35840000e-09  8.35840000e-09  1.23451690e-01 
 8.39840000e-09  8.39840000e-09  1.25026446e-01 
 8.43840000e-09  8.43840000e-09  1.26686061e-01 
 8.47840000e-09  8.47840000e-09  1.28648423e-01 
 8.51840000e-09  8.51840000e-09  1.31746076e-01 
 8.55840000e-09  8.55840000e-09  1.42435466e-01 
 8.59840000e-09  8.59840000e-09  1.82382642e-01 
 8.63840000e-09  8.63840000e-09  2.24888987e-01 
 8.67840000e-09  8.67840000e-09  2.24887929e-01 
 8.71840000e-09  8.71840000e-09  1.33619231e-01 
 8.75840000e-09  8.75840000e-09  4.52106314e-02 
 8.79840000e-09  8.79840000e-09  1.34451943e-02 
 8.83840000e-09  8.83840000e-09  4.20132754e-03 
 8.87840000e-09  8.87840000e-09  2.53147015e-03 
 8.91840000e-09  8.91840000e-09  3.13758764e-03 
 8.95840000e-09  8.95840000e-09  4.51427515e-03 
 8.99840000e-09  8.99840000e-09  6.16979662e-03 
 9.03840000e-09  9.03840000e-09  7.91752317e-03 
 9.07840000e-09  9.07840000e-09  9.69154975e-03 
 9.11840000e-09  9.11840000e-09  1.14714071e-02 
 9.15840000e-09  9.15840000e-09  1.32511683e-02 
 9.19840000e-09  9.19840000e-09  1.50290852e-02 
 9.23840000e-09  9.23840000e-09  1.68046608e-02 
 9.27840000e-09  9.27840000e-09  1.85778257e-02 
 9.31840000e-09  9.31840000e-09  2.03486630e-02 
 9.35840000e-09  9.35840000e-09  2.21173027e-02 
 9.39840000e-09  9.39840000e-09  2.38838831e-02 
 9.43840000e-09  9.43840000e-09  2.56485383e-02 
 9.47840000e-09  9.47840000e-09  2.74113943e-02 
 9.51840000e-09  9.51840000e-09  2.91725688e-02 
 9.55840000e-09  9.55840000e-09  3.09321703e-02 
 9.59840000e-09  9.59840000e-09  3.26902990e-02 
 9.63840000e-09  9.63840000e-09  3.44470469e-02 
 9.67840000e-09  9.67840000e-09  3.62024980e-02 
 9.71840000e-09  9.71840000e-09  3.79567286e-02 
 9.75840000e-09  9.75840000e-09  3.97098077e-02 
 9.79840000e-09  9.79840000e-09  4.14617972e-02 
 9.83840000e-09  9.83840000e-09  4.32127524e-02 
 9.87840000e-09  9.87840000e-09  4.49627219e-02 
 9.91840000e-09  9.91840000e-09  4.67117485e-02 
 9.95840000e-09  9.95840000e-09  4.84598690e-02 
 9.99840000e-09  9.99840000e-09  5.02071148e-02 
 1.00384000e-08  1.00384000e-08  5.19535119e-02 
 1.00784000e-08  1.00784000e-08  5.36990816e-02 
 1.01184000e-08  1.01184000e-08  5.54438399e-02 
 1.01584000e-08  1.01584000e-08  5.71877982e-02 
 1.01984000e-08  1.01984000e-08  5.89309633e-02 
 1.02384000e-08  1.02384000e-08  6.06733371e-02 
 1.02784000e-08  1.02784000e-08  6.24149164e-02 
 1.03184000e-08  1.03184000e-08  6.41556935e-02 
 1.03584000e-08  1.03584000e-08  6.58956550e-02 
 1.03984000e-08  1.03984000e-08  6.76347823e-02 
 1.04384000e-08  1.04384000e-08  6.93730507e-02 
 1.04784000e-08  1.04784000e-08  7.11104293e-02 
 1.05184000e-08  1.05184000e-08  7.28468803e-02 
 1.05584000e-08  1.05584000e-08  7.45823587e-02 
 1.05984000e-08  1.05984000e-08  7.63168113e-02 
 1.06384000e-08  1.06384000e-08  7.80501758e-02 
 1.06784000e-08  1.06784000e-08  7.97823805e-02 
 1.07184000e-08  1.07184000e-08  8.15133425e-02 
 1.07584000e-08  1.07584000e-08  8.32429668e-02 
 1.07984000e-08  1.07984000e-08  8.49711447e-02 
 1.08384000e-08  1.08384000e-08  8.66977522e-02 
 1.08784000e-08  1.08784000e-08  8.84226476e-02 
 1.09184000e-08  1.09184000e-08  9.01456693e-02 
 1.09584000e-08  1.09584000e-08  9.18666325e-02 
 1.09984000e-08  1.09984000e-08  9.35853258e-02 
 1.10384000e-08  1.10384000e-08  9.53015065e-02 
 1.10784000e-08  1.10784000e-08  9.70148954e-02 
 1.11184000e-08  1.11184000e-08  9.87251693e-02 
 1.11584000e-08  1.11584000e-08  1.00431953e-01 
 1.11984000e-08  1.11984000e-08  1.02134808e-01 
 1.12384000e-08  1.12384000e-08  1.03833219e-01 
 1.12784000e-08  1.12784000e-08  1.05526575e-01 
 1.13184000e-08  1.13184000e-08  1.07214149e-01 
 1.13584000e-08  1.13584000e-08  1.08892725e-01 
 1.13984000e-08  1.13984000e-08  1.10564124e-01 
 1.14384000e-08  1.14384000e-08  1.12227244e-01 
 1.14784000e-08  1.14784000e-08  1.13880178e-01 
 1.15184000e-08  1.15184000e-08  1.15520759e-01 
 1.15584000e-08  1.15584000e-08  1.17146661e-01 
 1.15984000e-08  1.15984000e-08  1.18755556e-01 
 1.16384000e-08  1.16384000e-08  1.20345731e-01 
 1.16784000e-08  1.16784000e-08  1.21917808e-01 
 1.17184000e-08  1.17184000e-08  1.23479088e-01 
 1.17584000e-08  1.17584000e-08  1.25054503e-01 
 1.17984000e-08  1.17984000e-08  1.26716837e-01 
 1.18384000e-08  1.18384000e-08  1.28688583e-01 
 1.18784000e-08  1.18784000e-08  1.31825274e-01 
 1.19184000e-08  1.19184000e-08  1.42947463e-01 
 1.19584000e-08  1.19584000e-08  1.83221782e-01 
 1.19984000e-08  1.19984000e-08  2.25417943e-01 
 1.20384000e-08  1.20384000e-08  2.24158296e-01 
 1.20784000e-08  1.20784000e-08  1.31219964e-01 
 1.21184000e-08  1.21184000e-08  4.47803909e-02 
 1.21584000e-08  1.21584000e-08  1.36907053e-02 
 1.21984000e-08  1.21984000e-08  4.67982286e-03 
 1.22384000e-08  1.22384000e-08  3.08443791e-03 
 1.22784000e-08  1.22784000e-08  3.71388917e-03 
 1.23184000e-08  1.23184000e-08  5.09767252e-03 
 1.23584000e-08  1.23584000e-08  6.75479071e-03 
 1.23984000e-08  1.23984000e-08  8.50227092e-03 
 1.24384000e-08  1.24384000e-08  1.02754884e-02 
 1.24784000e-08  1.24784000e-08  1.20544023e-02 
 1.25184000e-08  1.25184000e-08  1.38332215e-02 
 1.25584000e-08  1.25584000e-08  1.56102390e-02 
 1.25984000e-08  1.25984000e-08  1.73849684e-02 
 1.26384000e-08  1.26384000e-08  1.91573416e-02 
 1.26784000e-08  1.26784000e-08  2.09274392e-02 
 1.27184000e-08  1.27184000e-08  2.26953883e-02 
 1.27584000e-08  1.27584000e-08  2.44613240e-02 
 1.27984000e-08  1.27984000e-08  2.62253770e-02 
 1.28384000e-08  1.28384000e-08  2.79876704e-02 
 1.28784000e-08  1.28784000e-08  2.97483188e-02 
 1.29184000e-08  1.29184000e-08  3.15074279e-02 
 1.29584000e-08  1.29584000e-08  3.32650952e-02 
 1.29984000e-08  1.29984000e-08  3.50214100e-02 
 1.30384000e-08  1.30384000e-08  3.67764539e-02 
 1.30784000e-08  1.30784000e-08  3.85303005e-02 
 1.31184000e-08  1.31184000e-08  4.02830168e-02 
 1.31584000e-08  1.31584000e-08  4.20346622e-02 
 1.31984000e-08  1.31984000e-08  4.37852899e-02 
 1.32384000e-08  1.32384000e-08  4.55349465e-02 
 1.32784000e-08  1.32784000e-08  4.72836729e-02 
 1.33184000e-08  1.33184000e-08  4.90315041e-02 
 1.33584000e-08  1.33584000e-08  5.07784697e-02 
 1.33984000e-08  1.33984000e-08  5.25245941e-02 
 1.34384000e-08  1.34384000e-08  5.42698968e-02 
 1.34784000e-08  1.34784000e-08  5.60143924e-02 
 1.35184000e-08  1.35184000e-08  5.77580908e-02 
 1.35584000e-08  1.35584000e-08  5.95009970e-02 
 1.35984000e-08  1.35984000e-08  6.12431115e-02 
 1.36384000e-08  1.36384000e-08  6.29844295e-02 
 1.36784000e-08  1.36784000e-08  6.47249415e-02 
 1.37184000e-08  1.37184000e-08  6.64646325e-02 
 1.37584000e-08  1.37584000e-08  6.82034819e-02 
 1.37984000e-08  1.37984000e-08  6.99414629e-02 
 1.38384000e-08  1.38384000e-08  7.16785426e-02 
 1.38784000e-08  1.38784000e-08  7.34146808e-02 
 1.39184000e-08  1.39184000e-08  7.51498299e-02 
 1.39584000e-08  1.39584000e-08  7.68839339e-02 
 1.39984000e-08  1.39984000e-08  7.86169274e-02 
 1.40384000e-08  1.40384000e-08  8.03487353e-02 
 1.40784000e-08  1.40784000e-08  8.20792708e-02 
 1.41184000e-08  1.41184000e-08  8.38084346e-02 
 1.41584000e-08  1.41584000e-08  8.55361133e-02 
 1.41984000e-08  1.41984000e-08  8.72621773e-02 
 1.42384000e-08  1.42384000e-08  8.89864786e-02 
 1.42784000e-08  1.42784000e-08  9.07088485e-02 
 1.43184000e-08  1.43184000e-08  9.24290939e-02 
 1.43584000e-08  1.43584000e-08  9.41469937e-02 
 1.43984000e-08  1.43984000e-08  9.58622939e-02 
 1.44384000e-08  1.44384000e-08  9.75747017e-02 
 1.44784000e-08  1.44784000e-08  9.92838781e-02 
 1.45184000e-08  1.45184000e-08  1.00989428e-01 
 1.45584000e-08  1.45584000e-08  1.02690891e-01 
 1.45984000e-08  1.45984000e-08  1.04387721e-01 
 1.46384000e-08  1.46384000e-08  1.06079272e-01 
 1.46784000e-08  1.46784000e-08  1.07764772e-01 
 1.47184000e-08  1.47184000e-08  1.09440839e-01 
 1.47584000e-08  1.47584000e-08  1.11109336e-01 
 1.47984000e-08  1.47984000e-08  1.12769097e-01 
 1.48384000e-08  1.48384000e-08  1.14418109e-01 
 1.48784000e-08  1.48784000e-08  1.16054098e-01 
 1.49184000e-08  1.49184000e-08  1.17674664e-01 
 1.49584000e-08  1.49584000e-08  1.19277559e-01 
 1.49984000e-08  1.49984000e-08  1.20861549e-01 
 1.50384000e-08  1.50384000e-08  1.22428757e-01 
 1.50784000e-08  1.50784000e-08  1.23990511e-01 
 1.51184000e-08  1.51184000e-08  1.25582382e-01 
 1.51584000e-08  1.51584000e-08  1.27307863e-01 
 1.51984000e-08  1.51984000e-08  1.29499989e-01 
 1.52384000e-08  1.52384000e-08  1.33632964e-01 
 1.52784000e-08  1.52784000e-08  1.59298988e-01 
 1.53184000e-08  1.53184000e-08  2.04902325e-01 
 1.53584000e-08  1.53584000e-08  2.33700839e-01 
 1.53984000e-08  1.53984000e-08  1.93135670e-01 
 1.54384000e-08  1.54384000e-08  7.17136351e-02 
 1.54784000e-08  1.54784000e-08  3.03571420e-02 
 1.55184000e-08  1.55184000e-08  1.71812532e-02 
 1.55584000e-08  1.55584000e-08  1.42229952e-02 
 1.55984000e-08  1.55984000e-08  1.44087510e-02 
 1.56384000e-08  1.56384000e-08  1.56134208e-02 
 1.56784000e-08  1.56784000e-08  1.71930256e-02 
 1.57184000e-08  1.57184000e-08  1.89042273e-02 
 1.57584000e-08  1.57584000e-08  2.06558078e-02 
 1.57984000e-08  1.57984000e-08  2.24179653e-02 
 1.58384000e-08  1.58384000e-08  2.41820675e-02 
 1.58784000e-08  1.58784000e-08  2.59456462e-02 
 1.59184000e-08  1.59184000e-08  2.77079487e-02 
 1.59584000e-08  1.59584000e-08  2.94687653e-02 
 1.59984000e-08  1.59984000e-08  3.12280849e-02 
 1.60384000e-08  1.60384000e-08  3.29859663e-02 
 1.60784000e-08  1.60784000e-08  3.47424875e-02 
 1.61184000e-08  1.61184000e-08  3.64977271e-02 
 1.61584000e-08  1.61584000e-08  3.82517589e-02 
 1.61984000e-08  1.61984000e-08  4.00046505e-02 
 1.62384000e-08  1.62384000e-08  4.17564622e-02 
 1.62784000e-08  1.62784000e-08  4.35072483e-02 
 1.63184000e-08  1.63184000e-08  4.52570563e-02 
 1.63584000e-08  1.63584000e-08  4.70059281e-02 
 1.63984000e-08  1.63984000e-08  4.87538993e-02 
 1.64384000e-08  1.64384000e-08  5.05010006e-02 
 1.64784000e-08  1.64784000e-08  5.22472572e-02 
 1.65184000e-08  1.65184000e-08  5.39926894e-02 
 1.65584000e-08  1.65584000e-08  5.57373124e-02 
 1.65984000e-08  1.65984000e-08  5.74811370e-02 
 1.66384000e-08  1.66384000e-08  5.92241689e-02 
 1.66784000e-08  1.66784000e-08  6.09664093e-02 
 1.67184000e-08  1.67184000e-08  6.27078544e-02 
 1.67584000e-08  1.67584000e-08  6.44484954e-02 
 1.67984000e-08  1.67984000e-08  6.61883180e-02 
 1.68384000e-08  1.68384000e-08  6.79273027e-02 
 1.68784000e-08  1.68784000e-08  6.96654237e-02 
 1.69184000e-08  1.69184000e-08  7.14026490e-02 
 1.69584000e-08  1.69584000e-08  7.31389398e-02 
 1.69984000e-08  1.69984000e-08  7.48742496e-02 
 1.70384000e-08  1.70384000e-08  7.66085237e-02 
 1.70784000e-08  1.70784000e-08  7.83416984e-02 
 1.71184000e-08  1.71184000e-08  8.00737001e-02 
 1.71584000e-08  1.71584000e-08  8.18044440e-02 
 1.71984000e-08  1.71984000e-08  8.35338330e-02 
 1.72384000e-08  1.72384000e-08  8.52617558e-02 
 1.72784000e-08  1.72784000e-08  8.69880857e-02 
 1.73184000e-08  1.73184000e-08  8.87126777e-02 
 1.73584000e-08  1.73584000e-08  9.04353666e-02 
 1.73984000e-08  1.73984000e-08  9.21559635e-02 
 1.74384000e-08  1.74384000e-08  9.38742520e-02 
 1.74784000e-08  1.74784000e-08  9.55899837e-02 
 1.75184000e-08  1.75184000e-08  9.73028723e-02 
 1.75584000e-08  1.75584000e-08  9.90125869e-02 
 1.75984000e-08  1.75984000e-08  1.00718742e-01 
 1.76384000e-08  1.76384000e-08  1.02420888e-01 
 1.76784000e-08  1.76784000e-08  1.04118494e-01 
 1.77184000e-08  1.77184000e-08  1.05810932e-01 
 1.77584000e-08  1.77584000e-08  1.07497451e-01 
 1.77984000e-08  1.77984000e-08  1.09174752e-01 
 1.78384000e-08  1.78384000e-08  1.10844677e-01 
 1.78784000e-08  1.78784000e-08  1.12506092e-01 
 1.79184000e-08  1.79184000e-08  1.14157035e-01 
 1.79584000e-08  1.79584000e-08  1.15795284e-01 
 1.79984000e-08  1.79984000e-08  1.17418472e-01 
 1.80384000e-08  1.80384000e-08  1.19024303e-01 
 1.80784000e-08  1.80784000e-08  1.20611284e-01 
 1.81184000e-08  1.81184000e-08  1.22180747e-01 
 1.81584000e-08  1.81584000e-08  1.23741904e-01 
 1.81984000e-08  1.81984000e-08  1.25324729e-01 
 1.82384000e-08  1.82384000e-08  1.27016371e-01 
 1.82784000e-08  1.82784000e-08  1.29089681e-01 
 1.83184000e-08  1.83184000e-08  1.32666003e-01 
 1.83584000e-08  1.83584000e-08  1.50260691e-01 
 1.83984000e-08  1.83984000e-08  1.93870358e-01 
 1.84384000e-08  1.84384000e-08  2.30911178e-01 
 1.84784000e-08  1.84784000e-08  2.12094016e-01 
 1.85184000e-08  1.85184000e-08  9.92433443e-02 
 1.85584000e-08  1.85584000e-08  4.51068654e-02 
 1.85984000e-08  1.85984000e-08  2.57869740e-02 
 1.86384000e-08  1.86384000e-08  2.07980249e-02 
 1.86784000e-08  1.86784000e-08  2.04572287e-02 
 1.87184000e-08  1.87184000e-08  2.14706038e-02 
 1.87584000e-08  1.87584000e-08  2.29650190e-02 
 1.87984000e-08  1.87984000e-08  2.46417376e-02 
 1.88384000e-08  1.88384000e-08  2.63788983e-02 
 1.88784000e-08  1.88784000e-08  2.81328784e-02 
 1.89184000e-08  1.89184000e-08  2.98906266e-02 
 1.89584000e-08  1.89584000e-08  3.16486054e-02 
 1.89984000e-08  1.89984000e-08  3.34057984e-02 
 1.90384000e-08  1.90384000e-08  3.51618866e-02 
 1.90784000e-08  1.90784000e-08  3.69167933e-02 
 1.91184000e-08  1.91184000e-08  3.86705351e-02 
 1.91584000e-08  1.91584000e-08  4.04231596e-02 
 1.91984000e-08  1.91984000e-08  4.21747204e-02 
 1.92384000e-08  1.92384000e-08  4.39252683e-02 
 1.92784000e-08  1.92784000e-08  4.56748490e-02 
 1.93184000e-08  1.93184000e-08  4.74235026e-02 
 1.93584000e-08  1.93584000e-08  4.91712635e-02 
 1.93984000e-08  1.93984000e-08  5.09181609e-02 
 1.94384000e-08  1.94384000e-08  5.26642189e-02 
 1.94784000e-08  1.94784000e-08  5.44094566e-02 
 1.95184000e-08  1.95184000e-08  5.61538882e-02 
 1.95584000e-08  1.95584000e-08  5.78975230e-02 
 1.95984000e-08  1.95984000e-08  5.96403660e-02 
 1.96384000e-08  1.96384000e-08  6.13824170e-02 
 1.96784000e-08  1.96784000e-08  6.31236710e-02 
 1.97184000e-08  1.97184000e-08  6.48641180e-02 
 1.97584000e-08  1.97584000e-08  6.66037425e-02 
 1.97984000e-08  1.97984000e-08  6.83425234e-02 
 1.98384000e-08  1.98384000e-08  7.00804337e-02 
 1.98784000e-08  1.98784000e-08  7.18174397e-02 
 1.99184000e-08  1.99184000e-08  7.35535006e-02 
 1.99584000e-08  1.99584000e-08  7.52885683e-02 
 1.99984000e-08  1.99984000e-08  7.70225860e-02 
 2.00384000e-08  2.00384000e-08  7.87554876e-02 
 2.00784000e-08  2.00784000e-08  8.04871971e-02 
 2.01184000e-08  2.01184000e-08  8.22176267e-02 
 2.01584000e-08  2.01584000e-08  8.39466761e-02 
 2.01984000e-08  2.01984000e-08  8.56742307e-02 
 2.02384000e-08  2.02384000e-08  8.74001593e-02 
 2.02784000e-08  2.02784000e-08  8.91243127e-02 
 2.03184000e-08  2.03184000e-08  9.08465201e-02 
 2.03584000e-08  2.03584000e-08  9.25665864e-02 
 2.03984000e-08  2.03984000e-08  9.42842881e-02 
 2.04384000e-08  2.04384000e-08  9.59993683e-02 
 2.04784000e-08  2.04784000e-08  9.77115308e-02 
 2.05184000e-08  2.05184000e-08  9.94204325e-02 
 2.05584000e-08  2.05584000e-08  1.01125674e-01 
 2.05984000e-08  2.05984000e-08  1.02826787e-01 
 2.06384000e-08  2.06384000e-08  1.04523220e-01 
 2.06784000e-08  2.06784000e-08  1.06214318e-01 
 2.07184000e-08  2.07184000e-08  1.07899295e-01 
 2.07584000e-08  2.07584000e-08  1.09574730e-01 
 2.07984000e-08  2.07984000e-08  1.11242494e-01 
 2.08384000e-08  2.08384000e-08  1.12901406e-01 
 2.08784000e-08  2.08784000e-08  1.14549427e-01 
 2.09184000e-08  2.09184000e-08  1.16184255e-01 
 2.09584000e-08  2.09584000e-08  1.17803480e-01 
 2.09984000e-08  2.09984000e-08  1.19404883e-01 
 2.10384000e-08  2.10384000e-08  1.20987382e-01 
 2.10784000e-08  2.10784000e-08  1.22553550e-01 
 2.11184000e-08  2.11184000e-08  1.24115906e-01 
 2.11584000e-08  2.11584000e-08  1.25713201e-01 
 2.11984000e-08  2.11984000e-08  1.27458379e-01 
 2.12384000e-08  2.12384000e-08  1.29720652e-01 
 2.12784000e-08  2.12784000e-08  1.34205518e-01 
 2.13184000e-08  2.13184000e-08  1.62609461e-01 
 2.13584000e-08  2.13584000e-08  2.08468327e-01 
 2.13984000e-08  2.13984000e-08  2.33766530e-01 
 2.14384000e-08  2.14384000e-08  1.85324616e-01 
 2.14784000e-08  2.14784000e-08  6.52245100e-02 
 2.15184000e-08  2.15184000e-08  2.39287918e-02 
 2.15584000e-08  2.15584000e-08  1.10349837e-02 
 2.15984000e-08  2.15984000e-08  8.16415257e-03 
 2.16384000e-08  2.16384000e-08  8.37378609e-03 
 2.16784000e-08  2.16784000e-08  9.59948303e-03 
 2.17184000e-08  2.17184000e-08  1.11949890e-02 
 2.17584000e-08  2.17584000e-08  1.29172634e-02 
 2.17984000e-08  2.17984000e-08  1.46776975e-02 
 2.18384000e-08  2.18384000e-08  1.64478514e-02 
 2.18784000e-08  2.18784000e-08  1.82194272e-02 
 2.19184000e-08  2.19184000e-08  1.99899956e-02 
 2.19584000e-08  2.19584000e-08  2.17588222e-02 
 2.19984000e-08  2.19984000e-08  2.35257288e-02 
 2.20384000e-08  2.20384000e-08  2.52907383e-02 
 2.20784000e-08  2.20784000e-08  2.70539411e-02 
 2.21184000e-08  2.21184000e-08  2.88154448e-02 
 2.21584000e-08  2.21584000e-08  3.05753560e-02 
 2.21984000e-08  2.21984000e-08  3.23337754e-02 
 2.22384000e-08  2.22384000e-08  3.40907963e-02 
 2.22784000e-08  2.22784000e-08  3.58465040e-02 
 2.23184000e-08  2.23184000e-08  3.76009764e-02 
 2.23584000e-08  2.23584000e-08  3.93542838e-02 
 2.23984000e-08  2.23984000e-08  4.11064897e-02 
 2.24384000e-08  2.24384000e-08  4.28576505e-02 
 2.24784000e-08  2.24784000e-08  4.46078163e-02 
 2.25184000e-08  2.25184000e-08  4.63570310e-02 
 2.25584000e-08  2.25584000e-08  4.81053326e-02 
 2.25984000e-08  2.25984000e-08  4.98527535e-02 
 2.26384000e-08  2.26384000e-08  5.15993210e-02 
 2.26784000e-08  2.26784000e-08  5.33450570e-02 
 2.27184000e-08  2.27184000e-08  5.50899788e-02 
 2.27584000e-08  2.27584000e-08  5.68340988e-02 
 2.27984000e-08  2.27984000e-08  5.85774245e-02 
 2.28384000e-08  2.28384000e-08  6.03199588e-02 
 2.28784000e-08  2.28784000e-08  6.20616998e-02 
 2.29184000e-08  2.29184000e-08  6.38026405e-02 
 2.29584000e-08  2.29584000e-08  6.55427688e-02 
 2.29984000e-08  2.29984000e-08  6.72820671e-02 
 2.30384000e-08  2.30384000e-08  6.90205120e-02 
 2.30784000e-08  2.30784000e-08  7.07580739e-02 
 2.31184000e-08  2.31184000e-08  7.24947165e-02 
 2.31584000e-08  2.31584000e-08  7.42303962e-02 
 2.31984000e-08  2.31984000e-08  7.59650616e-02 
 2.32384000e-08  2.32384000e-08  7.76986523e-02 
 2.32784000e-08  2.32784000e-08  7.94310986e-02 
 2.33184000e-08  2.33184000e-08  8.11623200e-02 
 2.33584000e-08  2.33584000e-08  8.28922239e-02 
 2.33984000e-08  2.33984000e-08  8.46207048e-02 
 2.34384000e-08  2.34384000e-08  8.63476416e-02 
 2.34784000e-08  2.34784000e-08  8.80728967e-02 
 2.35184000e-08  2.35184000e-08  8.97963126e-02 
 2.35584000e-08  2.35584000e-08  9.15177096e-02 
 2.35984000e-08  2.35984000e-08  9.32368818e-02 
 2.36384000e-08  2.36384000e-08  9.49535936e-02 
 2.36784000e-08  2.36784000e-08  9.66675733e-02 
 2.37184000e-08  2.37184000e-08  9.83785076e-02 
 2.37584000e-08  2.37584000e-08  1.00086033e-01 
 2.37984000e-08  2.37984000e-08  1.01789724e-01 
 2.38384000e-08  2.38384000e-08  1.03489082e-01 
 2.38784000e-08  2.38784000e-08  1.05183518e-01 
 2.39184000e-08  2.39184000e-08  1.06872330e-01 
 2.39584000e-08  2.39584000e-08  1.08552402e-01 
 2.39984000e-08  2.39984000e-08  1.10225527e-01 
 2.40384000e-08  2.40384000e-08  1.11890643e-01 
 2.40784000e-08  2.40784000e-08  1.13545903e-01 
 2.41184000e-08  2.41184000e-08  1.15189213e-01 
 2.41584000e-08  2.41584000e-08  1.16818299e-01 
 2.41984000e-08  2.41984000e-08  1.18430820e-01 
 2.42384000e-08  2.42384000e-08  1.20024856e-01 
 2.42784000e-08  2.42784000e-08  1.21600326e-01 
 2.43184000e-08  2.43184000e-08  1.23162603e-01 
 2.43584000e-08  2.43584000e-08  1.24731553e-01 
 2.43984000e-08  2.43984000e-08  1.26365844e-01 
 2.44384000e-08  2.44384000e-08  1.28240535e-01 
 2.44784000e-08  2.44784000e-08  1.30986714e-01 
 2.45184000e-08  2.45184000e-08  1.38494023e-01 
 2.45584000e-08  2.45584000e-08  1.75153732e-01 
 2.45984000e-08  2.45984000e-08  2.19788570e-01 
 2.46384000e-08  2.46384000e-08  2.29949580e-01 
 2.46784000e-08  2.46784000e-08  1.53494307e-01 
 2.47184000e-08  2.47184000e-08  5.03520461e-02 
 2.47584000e-08  2.47584000e-08  1.37248897e-02 
 2.47984000e-08  2.47984000e-08  2.77393004e-03 
 2.48384000e-08  2.48384000e-08  5.51192031e-04 
 2.48784000e-08  2.48784000e-08  9.79937129e-04 
 2.49184000e-08  2.49184000e-08  2.29874249e-03 
 2.49584000e-08  2.49584000e-08  3.93774141e-03 
 2.49984000e-08  2.49984000e-08  5.68319421e-03 
 2.50384000e-08  2.50384000e-08  7.45945987e-03 
 2.50784000e-08  2.50784000e-08  9.24279235e-03 
 2.51184000e-08  2.51184000e-08  1.10262406e-02 
 2.51584000e-08  2.51584000e-08  1.28077462e-02 
 2.51984000e-08  2.51984000e-08  1.45867209e-02 
 2.52384000e-08  2.52384000e-08  1.63630747e-02 
 2.52784000e-08  2.52784000e-08  1.81368933e-02 
 2.53184000e-08  2.53184000e-08  1.99083170e-02 
 2.53584000e-08  2.53584000e-08  2.16774965e-02 
 2.53984000e-08  2.53984000e-08  2.34445784e-02 
 2.54384000e-08  2.54384000e-08  2.52097011e-02 
 2.54784000e-08  2.54784000e-08  2.69729937e-02 
 2.55184000e-08  2.55184000e-08  2.87345761e-02 
 2.55584000e-08  2.55584000e-08  3.04945593e-02 
 2.55984000e-08  2.55984000e-08  3.22530455e-02 
 2.56384000e-08  2.56384000e-08  3.40101288e-02 
 2.56784000e-08  2.56784000e-08  3.57658950e-02 
 2.57184000e-08  2.57184000e-08  3.75204225e-02 
 2.57584000e-08  2.57584000e-08  3.92737821e-02 
 2.57984000e-08  2.57984000e-08  4.10260372e-02 
 2.58384000e-08  2.58384000e-08  4.27772449e-02 
 2.58784000e-08  2.58784000e-08  4.45274554e-02 
 2.59184000e-08  2.59184000e-08  4.62767129e-02 
 2.59584000e-08  2.59584000e-08  4.80250557e-02 
 2.59984000e-08  2.59984000e-08  4.97725164e-02 
 2.60384000e-08  2.60384000e-08  5.15191226e-02 
 2.60784000e-08  2.60784000e-08  5.32648964e-02 
 2.61184000e-08  2.61184000e-08  5.50098553e-02 
 2.61584000e-08  2.61584000e-08  5.67540118e-02 
 2.61984000e-08  2.61984000e-08  5.84973739e-02 
 2.62384000e-08  2.62384000e-08  6.02399446e-02 
 2.62784000e-08  2.62784000e-08  6.19817222e-02 
 2.63184000e-08  2.63184000e-08  6.37226998e-02 
 2.63584000e-08  2.63584000e-08  6.54628658e-02 
 2.63984000e-08  2.63984000e-08  6.72022027e-02 
 2.64384000e-08  2.64384000e-08  6.89406874e-02 
 2.64784000e-08  2.64784000e-08  7.06782906e-02 
 2.65184000e-08  2.65184000e-08  7.24149763e-02 
 2.65584000e-08  2.65584000e-08  7.41507013e-02 
 2.65984000e-08  2.65984000e-08  7.58854145e-02 
 2.66384000e-08  2.66384000e-08  7.76190561e-02 
 2.66784000e-08  2.66784000e-08  7.93515566e-02 
 2.67184000e-08  2.67184000e-08  8.10828361e-02 
 2.67584000e-08  2.67584000e-08  8.28128028e-02 
 2.67984000e-08  2.67984000e-08  8.45413515e-02 
 2.68384000e-08  2.68384000e-08  8.62683622e-02 
 2.68784000e-08  2.68784000e-08  8.79936978e-02 
 2.69184000e-08  2.69184000e-08  8.97172019e-02 
 2.69584000e-08  2.69584000e-08  9.14386959e-02 
 2.69984000e-08  2.69984000e-08  9.31579753e-02 
 2.70384000e-08  2.70384000e-08  9.48748057e-02 
 2.70784000e-08  2.70784000e-08  9.65889174e-02 
 2.71184000e-08  2.71184000e-08  9.82999991e-02 
 2.71584000e-08  2.71584000e-08  1.00007689e-01 
 2.71984000e-08  2.71984000e-08  1.01711567e-01 
 2.72384000e-08  2.72384000e-08  1.03411136e-01 
 2.72784000e-08  2.72784000e-08  1.05105813e-01 
 2.73184000e-08  2.73184000e-08  1.06794901e-01 
 2.73584000e-08  2.73584000e-08  1.08475305e-01 
 2.73984000e-08  2.73984000e-08  1.10148814e-01 
 2.74384000e-08  2.74384000e-08  1.11814372e-01 
 2.74784000e-08  2.74784000e-08  1.13470149e-01 
 2.75184000e-08  2.75184000e-08  1.15114064e-01 
 2.75584000e-08  2.75584000e-08  1.16743857e-01 
 2.75984000e-08  2.75984000e-08  1.18357187e-01 
 2.76384000e-08  2.76384000e-08  1.19952097e-01 
 2.76784000e-08  2.76784000e-08  1.21528365e-01 
 2.77184000e-08  2.77184000e-08  1.23090977e-01 
 2.77584000e-08  2.77584000e-08  1.24658786e-01 
 2.77984000e-08  2.77984000e-08  1.26287672e-01 
 2.78384000e-08  2.78384000e-08  1.28143703e-01 
 2.78784000e-08  2.78784000e-08  1.30817521e-01 
 2.79184000e-08  2.79184000e-08  1.37793300e-01 
 2.79584000e-08  2.79584000e-08  1.73643179e-01 
 2.79984000e-08  2.79984000e-08  2.18597454e-01 
 2.80384000e-08  2.80384000e-08  2.30738439e-01 
 2.80784000e-08  2.80784000e-08  1.57492135e-01 
 2.81184000e-08  2.81184000e-08  5.16815693e-02 
 2.81584000e-08  2.81584000e-08  1.42181049e-02 
 2.81984000e-08  2.81984000e-08  2.96361637e-03 
 2.82384000e-08  2.82384000e-08  6.41075254e-04 
 2.82784000e-08  2.82784000e-08  1.03694391e-03 
 2.83184000e-08  2.83184000e-08  2.34408382e-03 
 2.83584000e-08  2.83584000e-08  3.97898663e-03 
 2.83984000e-08  2.83984000e-08  5.72305490e-03 
 2.84384000e-08  2.84384000e-08  7.49883319e-03 
 2.84784000e-08  2.84784000e-08  9.28195831e-03 
 2.85184000e-08  2.85184000e-08  1.10652901e-02 
 2.85584000e-08  2.85584000e-08  1.28467129e-02 
 2.85984000e-08  2.85984000e-08  1.46256196e-02 
 2.86384000e-08  2.86384000e-08  1.64019131e-02 
 2.86784000e-08  2.86784000e-08  1.81756766e-02 
 2.87184000e-08  2.87184000e-08  1.99470492e-02 
 2.87584000e-08  2.87584000e-08  2.17161811e-02 
 2.87984000e-08  2.87984000e-08  2.34832187e-02 
 2.88384000e-08  2.88384000e-08  2.52483000e-02 
 2.88784000e-08  2.88784000e-08  2.70115540e-02 
 2.89184000e-08  2.89184000e-08  2.87731002e-02 
 2.89584000e-08  2.89584000e-08  3.05330495e-02 
 2.89984000e-08  2.89984000e-08  3.22915041e-02 
 2.90384000e-08  2.90384000e-08  3.40485576e-02 
 2.90784000e-08  2.90784000e-08  3.58042960e-02 
 2.91184000e-08  2.91184000e-08  3.75587972e-02 
 2.91584000e-08  2.91584000e-08  3.93121319e-02 
 2.91984000e-08  2.91984000e-08  4.10643636e-02 
 2.92384000e-08  2.92384000e-08  4.28155490e-02 
 2.92784000e-08  2.92784000e-08  4.45657382e-02 
 2.93184000e-08  2.93184000e-08  4.63149753e-02 
 2.93584000e-08  2.93584000e-08  4.80632984e-02 
 2.93984000e-08  2.93984000e-08  4.98107402e-02 
 2.94384000e-08  2.94384000e-08  5.15573279e-02 
 2.94784000e-08  2.94784000e-08  5.33030837e-02 
 2.95184000e-08  2.95184000e-08  5.50480249e-02 
 2.95584000e-08  2.95584000e-08  5.67921640e-02 
 2.95984000e-08  2.95984000e-08  5.85355088e-02 
 2.96384000e-08  2.96384000e-08  6.02780621e-02 
 2.96784000e-08  2.96784000e-08  6.20198223e-02 
 2.97184000e-08  2.97184000e-08  6.37607824e-02 
 2.97584000e-08  2.97584000e-08  6.55009304e-02 
 2.97984000e-08  2.97984000e-08  6.72402489e-02 
 2.98384000e-08  2.98384000e-08  6.89787146e-02 
 2.98784000e-08  2.98784000e-08  7.07162982e-02 
 2.99184000e-08  2.99184000e-08  7.24529634e-02 
 2.99584000e-08  2.99584000e-08  7.41886668e-02 
 2.99984000e-08  2.99984000e-08  7.59233572e-02 
 3.00000000e-08  3.00000000e-08  7.59926772e-02 
