 time            time            v(net1)        
 2.56000000e-11  2.56000000e-11  1.78610927e-01 
 4.00000000e-11  4.00000000e-11  1.74064423e-01 
 4.25600000e-11  4.25600000e-11  1.73836168e-01 
 4.76800000e-11  4.76800000e-11  1.73477157e-01 
 5.79200000e-11  5.79200000e-11  1.73060902e-01 
 7.84000000e-11  7.84000000e-11  1.72774701e-01 
 1.18400000e-10  1.18400000e-10  1.72731087e-01 
 1.58400000e-10  1.58400000e-10  1.72785924e-01 
 1.98400000e-10  1.98400000e-10  1.72812168e-01 
 2.38400000e-10  2.38400000e-10  1.72816925e-01 
 2.78400000e-10  2.78400000e-10  1.72815884e-01 
 3.18400000e-10  3.18400000e-10  1.72814679e-01 
 3.58400000e-10  3.58400000e-10  1.72814000e-01 
 3.98400000e-10  3.98400000e-10  1.72813555e-01 
 4.38400000e-10  4.38400000e-10  1.72813156e-01 
 4.78400000e-10  4.78400000e-10  1.72812757e-01 
 5.18400000e-10  5.18400000e-10  1.72812357e-01 
 5.58400000e-10  5.58400000e-10  1.72811961e-01 
 5.98400000e-10  5.98400000e-10  1.72811568e-01 
 6.38400000e-10  6.38400000e-10  1.72811180e-01 
 6.78400000e-10  6.78400000e-10  1.72810795e-01 
 7.18400000e-10  7.18400000e-10  1.72810412e-01 
 7.58400000e-10  7.58400000e-10  1.72810031e-01 
 7.98400000e-10  7.98400000e-10  1.72809652e-01 
 8.38400000e-10  8.38400000e-10  1.72809274e-01 
 8.78400000e-10  8.78400000e-10  1.72808895e-01 
 9.18400000e-10  9.18400000e-10  1.72808516e-01 
 9.58400000e-10  9.58400000e-10  1.72808136e-01 
 9.98400000e-10  9.98400000e-10  1.72807755e-01 
 1.03840000e-09  1.03840000e-09  1.72807371e-01 
 1.07840000e-09  1.07840000e-09  1.72806984e-01 
 1.11840000e-09  1.11840000e-09  1.72806593e-01 
 1.15840000e-09  1.15840000e-09  1.72806196e-01 
 1.19840000e-09  1.19840000e-09  1.72805794e-01 
 1.23840000e-09  1.23840000e-09  1.72805385e-01 
 1.27840000e-09  1.27840000e-09  1.72804968e-01 
 1.31840000e-09  1.31840000e-09  1.72804540e-01 
 1.35840000e-09  1.35840000e-09  1.72804102e-01 
 1.39840000e-09  1.39840000e-09  1.72803650e-01 
 1.43840000e-09  1.43840000e-09  1.72803184e-01 
 1.47840000e-09  1.47840000e-09  1.72802699e-01 
 1.51840000e-09  1.51840000e-09  1.72802195e-01 
 1.55840000e-09  1.55840000e-09  1.72801667e-01 
 1.59840000e-09  1.59840000e-09  1.72801111e-01 
 1.63840000e-09  1.63840000e-09  1.72800523e-01 
 1.67840000e-09  1.67840000e-09  1.72799898e-01 
 1.71840000e-09  1.71840000e-09  1.72799227e-01 
 1.75840000e-09  1.75840000e-09  1.72798504e-01 
 1.79840000e-09  1.79840000e-09  1.72797716e-01 
 1.83840000e-09  1.83840000e-09  1.72796851e-01 
 1.87840000e-09  1.87840000e-09  1.72795649e-01 
 1.91840000e-09  1.91840000e-09  1.72794608e-01 
 1.95840000e-09  1.95840000e-09  1.72793483e-01 
 1.99840000e-09  1.99840000e-09  1.72792138e-01 
 2.03840000e-09  2.03840000e-09  1.72790550e-01 
 2.07840000e-09  2.07840000e-09  1.72788729e-01 
 2.11840000e-09  2.11840000e-09  1.72786741e-01 
 2.15840000e-09  2.15840000e-09  1.72784821e-01 
 2.19840000e-09  2.19840000e-09  1.72783653e-01 
 2.23840000e-09  2.23840000e-09  1.72785091e-01 
 2.27840000e-09  2.27840000e-09  1.72794382e-01 
 2.31840000e-09  2.31840000e-09  1.72829072e-01 
 2.35840000e-09  2.35840000e-09  1.72973234e-01 
 2.39840000e-09  2.39840000e-09  1.74525264e-01 
 2.43840000e-09  2.43840000e-09  1.76725416e-01 
 2.47840000e-09  2.47840000e-09  1.75748467e-01 
 2.51840000e-09  2.51840000e-09  1.70085132e-01 
 2.55840000e-09  2.55840000e-09  1.63209820e-01 
 2.59840000e-09  2.59840000e-09  1.69039082e-01 
 2.63840000e-09  2.63840000e-09  1.72161390e-01 
 2.67840000e-09  2.67840000e-09  1.72960054e-01 
 2.71840000e-09  2.71840000e-09  1.72944330e-01 
 2.75840000e-09  2.75840000e-09  1.72848609e-01 
 2.79840000e-09  2.79840000e-09  1.72814882e-01 
 2.83840000e-09  2.83840000e-09  1.72812049e-01 
 2.87840000e-09  2.87840000e-09  1.72813947e-01 
 2.91840000e-09  2.91840000e-09  1.72814520e-01 
 2.95840000e-09  2.95840000e-09  1.72814207e-01 
 2.99840000e-09  2.99840000e-09  1.72813728e-01 
 3.03840000e-09  3.03840000e-09  1.72813282e-01 
 3.07840000e-09  3.07840000e-09  1.72812868e-01 
 3.11840000e-09  3.11840000e-09  1.72812466e-01 
 3.15840000e-09  3.15840000e-09  1.72812069e-01 
 3.19840000e-09  3.19840000e-09  1.72811676e-01 
 3.23840000e-09  3.23840000e-09  1.72811287e-01 
 3.27840000e-09  3.27840000e-09  1.72810901e-01 
 3.31840000e-09  3.31840000e-09  1.72810518e-01 
 3.35840000e-09  3.35840000e-09  1.72810136e-01 
 3.39840000e-09  3.39840000e-09  1.72809757e-01 
 3.43840000e-09  3.43840000e-09  1.72809378e-01 
 3.47840000e-09  3.47840000e-09  1.72809000e-01 
 3.51840000e-09  3.51840000e-09  1.72808621e-01 
 3.55840000e-09  3.55840000e-09  1.72808242e-01 
 3.59840000e-09  3.59840000e-09  1.72807861e-01 
 3.63840000e-09  3.63840000e-09  1.72807477e-01 
 3.67840000e-09  3.67840000e-09  1.72807091e-01 
 3.71840000e-09  3.71840000e-09  1.72806701e-01 
 3.75840000e-09  3.75840000e-09  1.72806306e-01 
 3.79840000e-09  3.79840000e-09  1.72805906e-01 
 3.83840000e-09  3.83840000e-09  1.72805499e-01 
 3.87840000e-09  3.87840000e-09  1.72805084e-01 
 3.91840000e-09  3.91840000e-09  1.72804659e-01 
 3.95840000e-09  3.95840000e-09  1.72804224e-01 
 3.99840000e-09  3.99840000e-09  1.72803776e-01 
 4.03840000e-09  4.03840000e-09  1.72803314e-01 
 4.07840000e-09  4.07840000e-09  1.72802835e-01 
 4.11840000e-09  4.11840000e-09  1.72802336e-01 
 4.15840000e-09  4.15840000e-09  1.72801815e-01 
 4.19840000e-09  4.19840000e-09  1.72801267e-01 
 4.23840000e-09  4.23840000e-09  1.72800689e-01 
 4.27840000e-09  4.27840000e-09  1.72800075e-01 
 4.31840000e-09  4.31840000e-09  1.72799417e-01 
 4.35840000e-09  4.35840000e-09  1.72798709e-01 
 4.39840000e-09  4.39840000e-09  1.72797941e-01 
 4.43840000e-09  4.43840000e-09  1.72797098e-01 
 4.47840000e-09  4.47840000e-09  1.72795935e-01 
 4.51840000e-09  4.51840000e-09  1.72794929e-01 
 4.55840000e-09  4.55840000e-09  1.72793843e-01 
 4.59840000e-09  4.59840000e-09  1.72792548e-01 
 4.63840000e-09  4.63840000e-09  1.72791017e-01 
 4.67840000e-09  4.67840000e-09  1.72789254e-01 
 4.71840000e-09  4.71840000e-09  1.72787298e-01 
 4.75840000e-09  4.75840000e-09  1.72785318e-01 
 4.79840000e-09  4.79840000e-09  1.72783827e-01 
 4.83840000e-09  4.83840000e-09  1.72784236e-01 
 4.87840000e-09  4.87840000e-09  1.72790440e-01 
 4.91840000e-09  4.91840000e-09  1.72814702e-01 
 4.95840000e-09  4.95840000e-09  1.72908643e-01 
 4.99840000e-09  4.99840000e-09  1.73536518e-01 
 5.03840000e-09  5.03840000e-09  1.76169851e-01 
 5.07840000e-09  5.07840000e-09  1.76646006e-01 
 5.11840000e-09  5.11840000e-09  1.72766528e-01 
 5.15840000e-09  5.15840000e-09  1.65340778e-01 
 5.19840000e-09  5.19840000e-09  1.65282944e-01 
 5.23840000e-09  5.23840000e-09  1.70296028e-01 
 5.27840000e-09  5.27840000e-09  1.72583915e-01 
 5.31840000e-09  5.31840000e-09  1.72999911e-01 
 5.35840000e-09  5.35840000e-09  1.72914545e-01 
 5.39840000e-09  5.39840000e-09  1.72839273e-01 
 5.43840000e-09  5.43840000e-09  1.72819302e-01 
 5.47840000e-09  5.47840000e-09  1.72818550e-01 
 5.51840000e-09  5.51840000e-09  1.72819631e-01 
 5.55840000e-09  5.55840000e-09  1.72819650e-01 
 5.59840000e-09  5.59840000e-09  1.72819139e-01 
 5.63840000e-09  5.63840000e-09  1.72818546e-01 
 5.67840000e-09  5.67840000e-09  1.72817984e-01 
 5.71840000e-09  5.71840000e-09  1.72817453e-01 
 5.75840000e-09  5.75840000e-09  1.72816943e-01 
 5.79840000e-09  5.79840000e-09  1.72816449e-01 
 5.83840000e-09  5.83840000e-09  1.72815969e-01 
 5.87840000e-09  5.87840000e-09  1.72815503e-01 
 5.91840000e-09  5.91840000e-09  1.72815048e-01 
 5.95840000e-09  5.95840000e-09  1.72814604e-01 
 5.99840000e-09  5.99840000e-09  1.72814170e-01 
 6.03840000e-09  6.03840000e-09  1.72813745e-01 
 6.07840000e-09  6.07840000e-09  1.72813328e-01 
 6.11840000e-09  6.11840000e-09  1.72812918e-01 
 6.15840000e-09  6.15840000e-09  1.72812514e-01 
 6.19840000e-09  6.19840000e-09  1.72812115e-01 
 6.23840000e-09  6.23840000e-09  1.72811722e-01 
 6.27840000e-09  6.27840000e-09  1.72811332e-01 
 6.31840000e-09  6.31840000e-09  1.72810946e-01 
 6.35840000e-09  6.35840000e-09  1.72810562e-01 
 6.39840000e-09  6.39840000e-09  1.72810181e-01 
 6.43840000e-09  6.43840000e-09  1.72809801e-01 
 6.47840000e-09  6.47840000e-09  1.72809422e-01 
 6.51840000e-09  6.51840000e-09  1.72809043e-01 
 6.55840000e-09  6.55840000e-09  1.72808665e-01 
 6.59840000e-09  6.59840000e-09  1.72808286e-01 
 6.63840000e-09  6.63840000e-09  1.72807905e-01 
 6.67840000e-09  6.67840000e-09  1.72807522e-01 
 6.71840000e-09  6.71840000e-09  1.72807136e-01 
 6.75840000e-09  6.75840000e-09  1.72806746e-01 
 6.79840000e-09  6.79840000e-09  1.72806352e-01 
 6.83840000e-09  6.83840000e-09  1.72805953e-01 
 6.87840000e-09  6.87840000e-09  1.72805546e-01 
 6.91840000e-09  6.91840000e-09  1.72805132e-01 
 6.95840000e-09  6.95840000e-09  1.72804709e-01 
 6.99840000e-09  6.99840000e-09  1.72804275e-01 
 7.03840000e-09  7.03840000e-09  1.72803829e-01 
 7.07840000e-09  7.07840000e-09  1.72803369e-01 
 7.11840000e-09  7.11840000e-09  1.72802891e-01 
 7.15840000e-09  7.15840000e-09  1.72802395e-01 
 7.19840000e-09  7.19840000e-09  1.72801877e-01 
 7.23840000e-09  7.23840000e-09  1.72801332e-01 
 7.27840000e-09  7.27840000e-09  1.72800758e-01 
 7.31840000e-09  7.31840000e-09  1.72800148e-01 
 7.35840000e-09  7.35840000e-09  1.72799496e-01 
 7.39840000e-09  7.39840000e-09  1.72798794e-01 
 7.43840000e-09  7.43840000e-09  1.72798033e-01 
 7.47840000e-09  7.47840000e-09  1.72797200e-01 
 7.51840000e-09  7.51840000e-09  1.72796052e-01 
 7.55840000e-09  7.55840000e-09  1.72795060e-01 
 7.59840000e-09  7.59840000e-09  1.72793991e-01 
 7.63840000e-09  7.63840000e-09  1.72792716e-01 
 7.67840000e-09  7.67840000e-09  1.72791208e-01 
 7.71840000e-09  7.71840000e-09  1.72789469e-01 
 7.75840000e-09  7.75840000e-09  1.72787531e-01 
 7.79840000e-09  7.79840000e-09  1.72785537e-01 
 7.83840000e-09  7.83840000e-09  1.72783943e-01 
 7.87840000e-09  7.87840000e-09  1.72784004e-01 
 7.91840000e-09  7.91840000e-09  1.72789172e-01 
 7.95840000e-09  7.95840000e-09  1.72810065e-01 
 7.99840000e-09  7.99840000e-09  1.72889380e-01 
 8.03840000e-09  8.03840000e-09  1.73355021e-01 
 8.07840000e-09  8.07840000e-09  1.75968847e-01 
 8.11840000e-09  8.11840000e-09  1.76771344e-01 
 8.15840000e-09  8.15840000e-09  1.73366191e-01 
 8.19840000e-09  8.19840000e-09  1.66047027e-01 
 8.23840000e-09  8.23840000e-09  1.64578948e-01 
 8.27840000e-09  8.27840000e-09  1.69956018e-01 
 8.31840000e-09  8.31840000e-09  1.72515009e-01 
 8.35840000e-09  8.35840000e-09  1.73007840e-01 
 8.39840000e-09  8.39840000e-09  1.72925230e-01 
 8.43840000e-09  8.43840000e-09  1.72843013e-01 
 8.47840000e-09  8.47840000e-09  1.72820057e-01 
 8.51840000e-09  8.51840000e-09  1.72818826e-01 
 8.55840000e-09  8.55840000e-09  1.72820001e-01 
 8.59840000e-09  8.59840000e-09  1.72820088e-01 
 8.63840000e-09  8.63840000e-09  1.72819582e-01 
 8.67840000e-09  8.67840000e-09  1.72818973e-01 
 8.71840000e-09  8.71840000e-09  1.72818394e-01 
 8.75840000e-09  8.75840000e-09  1.72817849e-01 
 8.79840000e-09  8.79840000e-09  1.72817326e-01 
 8.83840000e-09  8.83840000e-09  1.72816820e-01 
 8.87840000e-09  8.87840000e-09  1.72816330e-01 
 8.91840000e-09  8.91840000e-09  1.72815853e-01 
 8.95840000e-09  8.95840000e-09  1.72815389e-01 
 8.99840000e-09  8.99840000e-09  1.72814937e-01 
 9.03840000e-09  9.03840000e-09  1.72814496e-01 
 9.07840000e-09  9.07840000e-09  1.72814064e-01 
 9.11840000e-09  9.11840000e-09  1.72813641e-01 
 9.15840000e-09  9.15840000e-09  1.72813226e-01 
 9.19840000e-09  9.19840000e-09  1.72812817e-01 
 9.23840000e-09  9.23840000e-09  1.72812415e-01 
 9.27840000e-09  9.27840000e-09  1.72812018e-01 
 9.31840000e-09  9.31840000e-09  1.72811625e-01 
 9.35840000e-09  9.35840000e-09  1.72811236e-01 
 9.39840000e-09  9.39840000e-09  1.72810851e-01 
 9.43840000e-09  9.43840000e-09  1.72810468e-01 
 9.47840000e-09  9.47840000e-09  1.72810087e-01 
 9.51840000e-09  9.51840000e-09  1.72809707e-01 
 9.55840000e-09  9.55840000e-09  1.72809328e-01 
 9.59840000e-09  9.59840000e-09  1.72808950e-01 
 9.63840000e-09  9.63840000e-09  1.72808571e-01 
 9.67840000e-09  9.67840000e-09  1.72808192e-01 
 9.71840000e-09  9.71840000e-09  1.72807810e-01 
 9.75840000e-09  9.75840000e-09  1.72807427e-01 
 9.79840000e-09  9.79840000e-09  1.72807040e-01 
 9.83840000e-09  9.83840000e-09  1.72806650e-01 
 9.87840000e-09  9.87840000e-09  1.72806254e-01 
 9.91840000e-09  9.91840000e-09  1.72805853e-01 
 9.95840000e-09  9.95840000e-09  1.72805445e-01 
 9.99840000e-09  9.99840000e-09  1.72805029e-01 
 1.00384000e-08  1.00384000e-08  1.72804603e-01 
 1.00784000e-08  1.00784000e-08  1.72804166e-01 
 1.01184000e-08  1.01184000e-08  1.72803717e-01 
 1.01584000e-08  1.01584000e-08  1.72803252e-01 
 1.01984000e-08  1.01984000e-08  1.72802771e-01 
 1.02384000e-08  1.02384000e-08  1.72802269e-01 
 1.02784000e-08  1.02784000e-08  1.72801745e-01 
 1.03184000e-08  1.03184000e-08  1.72801194e-01 
 1.03584000e-08  1.03584000e-08  1.72800611e-01 
 1.03984000e-08  1.03984000e-08  1.72799991e-01 
 1.04384000e-08  1.04384000e-08  1.72799328e-01 
 1.04784000e-08  1.04784000e-08  1.72798612e-01 
 1.05184000e-08  1.05184000e-08  1.72797835e-01 
 1.05584000e-08  1.05584000e-08  1.72796982e-01 
 1.05984000e-08  1.05984000e-08  1.72795800e-01 
 1.06384000e-08  1.06384000e-08  1.72794778e-01 
 1.06784000e-08  1.06784000e-08  1.72793674e-01 
 1.07184000e-08  1.07184000e-08  1.72792356e-01 
 1.07584000e-08  1.07584000e-08  1.72790798e-01 
 1.07984000e-08  1.07984000e-08  1.72789007e-01 
 1.08384000e-08  1.08384000e-08  1.72787034e-01 
 1.08784000e-08  1.08784000e-08  1.72785078e-01 
 1.09184000e-08  1.09184000e-08  1.72783725e-01 
 1.09584000e-08  1.09584000e-08  1.72784584e-01 
 1.09984000e-08  1.09984000e-08  1.72792132e-01 
 1.10384000e-08  1.10384000e-08  1.72820861e-01 
 1.10784000e-08  1.10784000e-08  1.72935385e-01 
 1.11184000e-08  1.11184000e-08  1.73879774e-01 
 1.11584000e-08  1.11584000e-08  1.76427399e-01 
 1.11984000e-08  1.11984000e-08  1.76372437e-01 
 1.12384000e-08  1.12384000e-08  1.71776534e-01 
 1.12784000e-08  1.12784000e-08  1.64329399e-01 
 1.13184000e-08  1.13184000e-08  1.66687782e-01 
 1.13584000e-08  1.13584000e-08  1.70972071e-01 
 1.13984000e-08  1.13984000e-08  1.72716747e-01 
 1.14384000e-08  1.14384000e-08  1.72980857e-01 
 1.14784000e-08  1.14784000e-08  1.72891282e-01 
 1.15184000e-08  1.15184000e-08  1.72830328e-01 
 1.15584000e-08  1.15584000e-08  1.72816516e-01 
 1.15984000e-08  1.15984000e-08  1.72816813e-01 
 1.16384000e-08  1.16384000e-08  1.72817753e-01 
 1.16784000e-08  1.16784000e-08  1.72817663e-01 
 1.17184000e-08  1.17184000e-08  1.72817173e-01 
 1.17584000e-08  1.17584000e-08  1.72816643e-01 
 1.17984000e-08  1.17984000e-08  1.72816146e-01 
 1.18384000e-08  1.18384000e-08  1.72815673e-01 
 1.18784000e-08  1.18784000e-08  1.72815214e-01 
 1.19184000e-08  1.19184000e-08  1.72814767e-01 
 1.19584000e-08  1.19584000e-08  1.72814329e-01 
 1.19984000e-08  1.19984000e-08  1.72813901e-01 
 1.20384000e-08  1.20384000e-08  1.72813481e-01 
 1.20784000e-08  1.20784000e-08  1.72813068e-01 
 1.21184000e-08  1.21184000e-08  1.72812662e-01 
 1.21584000e-08  1.21584000e-08  1.72812262e-01 
 1.21984000e-08  1.21984000e-08  1.72811867e-01 
 1.22384000e-08  1.22384000e-08  1.72811476e-01 
 1.22784000e-08  1.22784000e-08  1.72811088e-01 
 1.23184000e-08  1.23184000e-08  1.72810703e-01 
 1.23584000e-08  1.23584000e-08  1.72810321e-01 
 1.23984000e-08  1.23984000e-08  1.72809941e-01 
 1.24384000e-08  1.24384000e-08  1.72809562e-01 
 1.24784000e-08  1.24784000e-08  1.72809183e-01 
 1.25184000e-08  1.25184000e-08  1.72808805e-01 
 1.25584000e-08  1.25584000e-08  1.72808426e-01 
 1.25984000e-08  1.25984000e-08  1.72808046e-01 
 1.26384000e-08  1.26384000e-08  1.72807664e-01 
 1.26784000e-08  1.26784000e-08  1.72807279e-01 
 1.27184000e-08  1.27184000e-08  1.72806891e-01 
 1.27584000e-08  1.27584000e-08  1.72806499e-01 
 1.27984000e-08  1.27984000e-08  1.72806101e-01 
 1.28384000e-08  1.28384000e-08  1.72805697e-01 
 1.28784000e-08  1.28784000e-08  1.72805286e-01 
 1.29184000e-08  1.29184000e-08  1.72804867e-01 
 1.29584000e-08  1.29584000e-08  1.72804437e-01 
 1.29984000e-08  1.29984000e-08  1.72803996e-01 
 1.30384000e-08  1.30384000e-08  1.72803541e-01 
 1.30784000e-08  1.30784000e-08  1.72803070e-01 
 1.31184000e-08  1.31184000e-08  1.72802581e-01 
 1.31584000e-08  1.31584000e-08  1.72802071e-01 
 1.31984000e-08  1.31984000e-08  1.72801537e-01 
 1.32384000e-08  1.32384000e-08  1.72800974e-01 
 1.32784000e-08  1.32784000e-08  1.72800378e-01 
 1.33184000e-08  1.33184000e-08  1.72799742e-01 
 1.33584000e-08  1.33584000e-08  1.72799060e-01 
 1.33984000e-08  1.33984000e-08  1.72798322e-01 
 1.34384000e-08  1.34384000e-08  1.72797517e-01 
 1.34784000e-08  1.34784000e-08  1.72796631e-01 
 1.35184000e-08  1.35184000e-08  1.72795395e-01 
 1.35584000e-08  1.35584000e-08  1.72794322e-01 
 1.35984000e-08  1.35984000e-08  1.72793160e-01 
 1.36384000e-08  1.36384000e-08  1.72791772e-01 
 1.36784000e-08  1.36784000e-08  1.72790133e-01 
 1.37184000e-08  1.37184000e-08  1.72788265e-01 
 1.37584000e-08  1.37584000e-08  1.72786263e-01 
 1.37984000e-08  1.37984000e-08  1.72784433e-01 
 1.38384000e-08  1.38384000e-08  1.72783646e-01 
 1.38784000e-08  1.38784000e-08  1.72786261e-01 
 1.39184000e-08  1.39184000e-08  1.72799122e-01 
 1.39584000e-08  1.39584000e-08  1.72846644e-01 
 1.39984000e-08  1.39984000e-08  1.73063628e-01 
 1.40384000e-08  1.40384000e-08  1.75297326e-01 
 1.40784000e-08  1.40784000e-08  1.76886553e-01 
 1.41184000e-08  1.41184000e-08  1.74740709e-01 
 1.41584000e-08  1.41584000e-08  1.68062848e-01 
 1.41984000e-08  1.41984000e-08  1.63301368e-01 
 1.42384000e-08  1.42384000e-08  1.69331651e-01 
 1.42784000e-08  1.42784000e-08  1.72370909e-01 
 1.43184000e-08  1.43184000e-08  1.73013132e-01 
 1.43584000e-08  1.43584000e-08  1.72941251e-01 
 1.43984000e-08  1.43984000e-08  1.72847309e-01 
 1.44384000e-08  1.44384000e-08  1.72819089e-01 
 1.44784000e-08  1.44784000e-08  1.72817159e-01 
 1.45184000e-08  1.45184000e-08  1.72818611e-01 
 1.45584000e-08  1.45584000e-08  1.72818888e-01 
 1.45984000e-08  1.45984000e-08  1.72818455e-01 
 1.46384000e-08  1.46384000e-08  1.72817884e-01 
 1.46784000e-08  1.46784000e-08  1.72817339e-01 
 1.47184000e-08  1.47184000e-08  1.72816827e-01 
 1.47584000e-08  1.47584000e-08  1.72816336e-01 
 1.47984000e-08  1.47984000e-08  1.72815860e-01 
 1.48384000e-08  1.48384000e-08  1.72815396e-01 
 1.48784000e-08  1.48784000e-08  1.72814944e-01 
 1.49184000e-08  1.49184000e-08  1.72814502e-01 
 1.49584000e-08  1.49584000e-08  1.72814071e-01 
 1.49984000e-08  1.49984000e-08  1.72813647e-01 
 1.50384000e-08  1.50384000e-08  1.72813232e-01 
 1.50784000e-08  1.50784000e-08  1.72812823e-01 
 1.51184000e-08  1.51184000e-08  1.72812421e-01 
 1.51584000e-08  1.51584000e-08  1.72812024e-01 
 1.51984000e-08  1.51984000e-08  1.72811631e-01 
 1.52384000e-08  1.52384000e-08  1.72811242e-01 
 1.52784000e-08  1.52784000e-08  1.72810856e-01 
 1.53184000e-08  1.53184000e-08  1.72810473e-01 
 1.53584000e-08  1.53584000e-08  1.72810092e-01 
 1.53984000e-08  1.53984000e-08  1.72809713e-01 
 1.54384000e-08  1.54384000e-08  1.72809334e-01 
 1.54784000e-08  1.54784000e-08  1.72808956e-01 
 1.55184000e-08  1.55184000e-08  1.72808577e-01 
 1.55584000e-08  1.55584000e-08  1.72808197e-01 
 1.55984000e-08  1.55984000e-08  1.72807816e-01 
 1.56384000e-08  1.56384000e-08  1.72807432e-01 
 1.56784000e-08  1.56784000e-08  1.72807046e-01 
 1.57184000e-08  1.57184000e-08  1.72806655e-01 
 1.57584000e-08  1.57584000e-08  1.72806260e-01 
 1.57984000e-08  1.57984000e-08  1.72805859e-01 
 1.58384000e-08  1.58384000e-08  1.72805451e-01 
 1.58784000e-08  1.58784000e-08  1.72805035e-01 
 1.59184000e-08  1.59184000e-08  1.72804609e-01 
 1.59584000e-08  1.59584000e-08  1.72804173e-01 
 1.59984000e-08  1.59984000e-08  1.72803723e-01 
 1.60384000e-08  1.60384000e-08  1.72803259e-01 
 1.60784000e-08  1.60784000e-08  1.72802778e-01 
 1.61184000e-08  1.61184000e-08  1.72802277e-01 
 1.61584000e-08  1.61584000e-08  1.72801753e-01 
 1.61984000e-08  1.61984000e-08  1.72801202e-01 
 1.62384000e-08  1.62384000e-08  1.72800619e-01 
 1.62784000e-08  1.62784000e-08  1.72800000e-01 
 1.63184000e-08  1.63184000e-08  1.72799338e-01 
 1.63584000e-08  1.63584000e-08  1.72798623e-01 
 1.63984000e-08  1.63984000e-08  1.72797847e-01 
 1.64384000e-08  1.64384000e-08  1.72796995e-01 
 1.64784000e-08  1.64784000e-08  1.72795815e-01 
 1.65184000e-08  1.65184000e-08  1.72794795e-01 
 1.65584000e-08  1.65584000e-08  1.72793693e-01 
 1.65984000e-08  1.65984000e-08  1.72792377e-01 
 1.66384000e-08  1.66384000e-08  1.72790822e-01 
 1.66784000e-08  1.66784000e-08  1.72789034e-01 
 1.67184000e-08  1.67184000e-08  1.72787064e-01 
 1.67584000e-08  1.67584000e-08  1.72785104e-01 
 1.67984000e-08  1.67984000e-08  1.72783735e-01 
 1.68384000e-08  1.68384000e-08  1.72784540e-01 
 1.68784000e-08  1.68784000e-08  1.72791930e-01 
 1.69184000e-08  1.69184000e-08  1.72820122e-01 
 1.69584000e-08  1.69584000e-08  1.72932108e-01 
 1.69984000e-08  1.69984000e-08  1.73830705e-01 
 1.70384000e-08  1.70384000e-08  1.76396604e-01 
 1.70784000e-08  1.70784000e-08  1.76413987e-01 
 1.71184000e-08  1.71184000e-08  1.71911470e-01 
 1.71584000e-08  1.71584000e-08  1.64457518e-01 
 1.71984000e-08  1.71984000e-08  1.66473187e-01 
 1.72384000e-08  1.72384000e-08  1.70868616e-01 
 1.72784000e-08  1.72784000e-08  1.72696512e-01 
 1.73184000e-08  1.73184000e-08  1.72983941e-01 
 1.73584000e-08  1.73584000e-08  1.72894973e-01 
 1.73984000e-08  1.73984000e-08  1.72831795e-01 
 1.74384000e-08  1.74384000e-08  1.72817023e-01 
 1.74784000e-08  1.74784000e-08  1.72817154e-01 
 1.75184000e-08  1.75184000e-08  1.72818113e-01 
 1.75584000e-08  1.75584000e-08  1.72818039e-01 
 1.75984000e-08  1.75984000e-08  1.72817544e-01 
 1.76384000e-08  1.76384000e-08  1.72817004e-01 
 1.76784000e-08  1.76784000e-08  1.72816496e-01 
 1.77184000e-08  1.77184000e-08  1.72816012e-01 
 1.77584000e-08  1.77584000e-08  1.72815545e-01 
 1.77984000e-08  1.77984000e-08  1.72815089e-01 
 1.78384000e-08  1.78384000e-08  1.72814644e-01 
 1.78784000e-08  1.78784000e-08  1.72814210e-01 
 1.79184000e-08  1.79184000e-08  1.72813784e-01 
 1.79584000e-08  1.79584000e-08  1.72813366e-01 
 1.79984000e-08  1.79984000e-08  1.72812955e-01 
 1.80384000e-08  1.80384000e-08  1.72812551e-01 
 1.80784000e-08  1.80784000e-08  1.72812152e-01 
 1.81184000e-08  1.81184000e-08  1.72811758e-01 
 1.81584000e-08  1.81584000e-08  1.72811368e-01 
 1.81984000e-08  1.81984000e-08  1.72810981e-01 
 1.82384000e-08  1.82384000e-08  1.72810597e-01 
 1.82784000e-08  1.82784000e-08  1.72810215e-01 
 1.83184000e-08  1.83184000e-08  1.72809836e-01 
 1.83584000e-08  1.83584000e-08  1.72809457e-01 
 1.83984000e-08  1.83984000e-08  1.72809078e-01 
 1.84384000e-08  1.84384000e-08  1.72808700e-01 
 1.84784000e-08  1.84784000e-08  1.72808320e-01 
 1.85184000e-08  1.85184000e-08  1.72807940e-01 
 1.85584000e-08  1.85584000e-08  1.72807557e-01 
 1.85984000e-08  1.85984000e-08  1.72807172e-01 
 1.86384000e-08  1.86384000e-08  1.72806782e-01 
 1.86784000e-08  1.86784000e-08  1.72806389e-01 
 1.87184000e-08  1.87184000e-08  1.72805990e-01 
 1.87584000e-08  1.87584000e-08  1.72805584e-01 
 1.87984000e-08  1.87984000e-08  1.72805171e-01 
 1.88384000e-08  1.88384000e-08  1.72804748e-01 
 1.88784000e-08  1.88784000e-08  1.72804316e-01 
 1.89184000e-08  1.89184000e-08  1.72803871e-01 
 1.89584000e-08  1.89584000e-08  1.72803411e-01 
 1.89984000e-08  1.89984000e-08  1.72802936e-01 
 1.90384000e-08  1.90384000e-08  1.72802442e-01 
 1.90784000e-08  1.90784000e-08  1.72801925e-01 
 1.91184000e-08  1.91184000e-08  1.72801384e-01 
 1.91584000e-08  1.91584000e-08  1.72800812e-01 
 1.91984000e-08  1.91984000e-08  1.72800205e-01 
 1.92384000e-08  1.92384000e-08  1.72799558e-01 
 1.92784000e-08  1.92784000e-08  1.72798861e-01 
 1.93184000e-08  1.93184000e-08  1.72798106e-01 
 1.93584000e-08  1.93584000e-08  1.72797280e-01 
 1.93984000e-08  1.93984000e-08  1.72796144e-01 
 1.94384000e-08  1.94384000e-08  1.72795163e-01 
 1.94784000e-08  1.94784000e-08  1.72794106e-01 
 1.95184000e-08  1.95184000e-08  1.72792846e-01 
 1.95584000e-08  1.95584000e-08  1.72791357e-01 
 1.95984000e-08  1.95984000e-08  1.72789638e-01 
 1.96384000e-08  1.96384000e-08  1.72787714e-01 
 1.96784000e-08  1.96784000e-08  1.72785714e-01 
 1.97184000e-08  1.97184000e-08  1.72784048e-01 
 1.97584000e-08  1.97584000e-08  1.72783865e-01 
 1.97984000e-08  1.97984000e-08  1.72788300e-01 
 1.98384000e-08  1.98384000e-08  1.72806827e-01 
 1.98784000e-08  1.98784000e-08  1.72876428e-01 
 1.99184000e-08  1.99184000e-08  1.73253432e-01 
 1.99584000e-08  1.99584000e-08  1.75814811e-01 
 1.99984000e-08  1.99984000e-08  1.76831578e-01 
 2.00384000e-08  2.00384000e-08  1.73751823e-01 
 2.00784000e-08  2.00784000e-08  1.66549835e-01 
 2.01184000e-08  2.01184000e-08  1.64168758e-01 
 2.01584000e-08  2.01584000e-08  1.69757434e-01 
 2.01984000e-08  2.01984000e-08  1.72473144e-01 
 2.02384000e-08  2.02384000e-08  1.73011479e-01 
 2.02784000e-08  2.02784000e-08  1.72930997e-01 
 2.03184000e-08  2.03184000e-08  1.72844864e-01 
 2.03584000e-08  2.03584000e-08  1.72820208e-01 
 2.03984000e-08  2.03984000e-08  1.72818721e-01 
 2.04384000e-08  2.04384000e-08  1.72819961e-01 
 2.04784000e-08  2.04784000e-08  1.72820095e-01 
 2.05184000e-08  2.05184000e-08  1.72819601e-01 
 2.05584000e-08  2.05584000e-08  1.72818991e-01 
 2.05984000e-08  2.05984000e-08  1.72818410e-01 
 2.06384000e-08  2.06384000e-08  1.72817864e-01 
 2.06784000e-08  2.06784000e-08  1.72817340e-01 
 2.07184000e-08  2.07184000e-08  1.72816834e-01 
 2.07584000e-08  2.07584000e-08  1.72816343e-01 
 2.07984000e-08  2.07984000e-08  1.72815866e-01 
 2.08384000e-08  2.08384000e-08  1.72815402e-01 
 2.08784000e-08  2.08784000e-08  1.72814950e-01 
 2.09184000e-08  2.09184000e-08  1.72814508e-01 
 2.09584000e-08  2.09584000e-08  1.72814077e-01 
 2.09984000e-08  2.09984000e-08  1.72813653e-01 
 2.10384000e-08  2.10384000e-08  1.72813238e-01 
 2.10784000e-08  2.10784000e-08  1.72812829e-01 
 2.11184000e-08  2.11184000e-08  1.72812426e-01 
 2.11584000e-08  2.11584000e-08  1.72812029e-01 
 2.11984000e-08  2.11984000e-08  1.72811636e-01 
 2.12384000e-08  2.12384000e-08  1.72811247e-01 
 2.12784000e-08  2.12784000e-08  1.72810862e-01 
 2.13184000e-08  2.13184000e-08  1.72810479e-01 
 2.13584000e-08  2.13584000e-08  1.72810098e-01 
 2.13984000e-08  2.13984000e-08  1.72809718e-01 
 2.14384000e-08  2.14384000e-08  1.72809339e-01 
 2.14784000e-08  2.14784000e-08  1.72808961e-01 
 2.15184000e-08  2.15184000e-08  1.72808582e-01 
 2.15584000e-08  2.15584000e-08  1.72808203e-01 
 2.15984000e-08  2.15984000e-08  1.72807821e-01 
 2.16384000e-08  2.16384000e-08  1.72807438e-01 
 2.16784000e-08  2.16784000e-08  1.72807051e-01 
 2.17184000e-08  2.17184000e-08  1.72806661e-01 
 2.17584000e-08  2.17584000e-08  1.72806266e-01 
 2.17984000e-08  2.17984000e-08  1.72805865e-01 
 2.18384000e-08  2.18384000e-08  1.72805457e-01 
 2.18784000e-08  2.18784000e-08  1.72805041e-01 
 2.19184000e-08  2.19184000e-08  1.72804615e-01 
 2.19584000e-08  2.19584000e-08  1.72804179e-01 
 2.19984000e-08  2.19984000e-08  1.72803730e-01 
 2.20384000e-08  2.20384000e-08  1.72803266e-01 
 2.20784000e-08  2.20784000e-08  1.72802785e-01 
 2.21184000e-08  2.21184000e-08  1.72802284e-01 
 2.21584000e-08  2.21584000e-08  1.72801760e-01 
 2.21984000e-08  2.21984000e-08  1.72801210e-01 
 2.22384000e-08  2.22384000e-08  1.72800628e-01 
 2.22784000e-08  2.22784000e-08  1.72800009e-01 
 2.23184000e-08  2.23184000e-08  1.72799347e-01 
 2.23584000e-08  2.23584000e-08  1.72798634e-01 
 2.23984000e-08  2.23984000e-08  1.72797858e-01 
 2.24384000e-08  2.24384000e-08  1.72797007e-01 
 2.24784000e-08  2.24784000e-08  1.72795830e-01 
 2.25184000e-08  2.25184000e-08  1.72794811e-01 
 2.25584000e-08  2.25584000e-08  1.72793711e-01 
 2.25984000e-08  2.25984000e-08  1.72792398e-01 
 2.26384000e-08  2.26384000e-08  1.72790846e-01 
 2.26784000e-08  2.26784000e-08  1.72789061e-01 
 2.27184000e-08  2.27184000e-08  1.72787092e-01 
 2.27584000e-08  2.27584000e-08  1.72785129e-01 
 2.27984000e-08  2.27984000e-08  1.72783745e-01 
 2.28384000e-08  2.28384000e-08  1.72784500e-01 
 2.28784000e-08  2.28784000e-08  1.72791739e-01 
 2.29184000e-08  2.29184000e-08  1.72819429e-01 
 2.29584000e-08  2.29584000e-08  1.72929046e-01 
 2.29984000e-08  2.29984000e-08  1.73786767e-01 
 2.30384000e-08  2.30384000e-08  1.76367637e-01 
 2.30784000e-08  2.30784000e-08  1.76450527e-01 
 2.31184000e-08  2.31184000e-08  1.72033832e-01 
 2.31584000e-08  2.31584000e-08  1.64576353e-01 
 2.31984000e-08  2.31984000e-08  1.66283844e-01 
 2.32384000e-08  2.32384000e-08  1.70777613e-01 
 2.32784000e-08  2.32784000e-08  1.72678755e-01 
 2.33184000e-08  2.33184000e-08  1.72986632e-01 
 2.33584000e-08  2.33584000e-08  1.72898195e-01 
 2.33984000e-08  2.33984000e-08  1.72833069e-01 
 2.34384000e-08  2.34384000e-08  1.72817458e-01 
 2.34784000e-08  2.34784000e-08  1.72817442e-01 
 2.35184000e-08  2.35184000e-08  1.72818419e-01 
 2.35584000e-08  2.35584000e-08  1.72818359e-01 
 2.35984000e-08  2.35984000e-08  1.72817860e-01 
 2.36384000e-08  2.36384000e-08  1.72817310e-01 
 2.36784000e-08  2.36784000e-08  1.72816791e-01 
 2.37184000e-08  2.37184000e-08  1.72816299e-01 
 2.37584000e-08  2.37584000e-08  1.72815824e-01 
 2.37984000e-08  2.37984000e-08  1.72815361e-01 
 2.38384000e-08  2.38384000e-08  1.72814910e-01 
 2.38784000e-08  2.38784000e-08  1.72814469e-01 
 2.39184000e-08  2.39184000e-08  1.72814038e-01 
 2.39584000e-08  2.39584000e-08  1.72813615e-01 
 2.39984000e-08  2.39984000e-08  1.72813201e-01 
 2.40384000e-08  2.40384000e-08  1.72812793e-01 
 2.40784000e-08  2.40784000e-08  1.72812390e-01 
 2.41184000e-08  2.41184000e-08  1.72811993e-01 
 2.41584000e-08  2.41584000e-08  1.72811601e-01 
 2.41984000e-08  2.41984000e-08  1.72811212e-01 
 2.42384000e-08  2.42384000e-08  1.72810827e-01 
 2.42784000e-08  2.42784000e-08  1.72810444e-01 
 2.43184000e-08  2.43184000e-08  1.72810063e-01 
 2.43584000e-08  2.43584000e-08  1.72809684e-01 
 2.43984000e-08  2.43984000e-08  1.72809305e-01 
 2.44384000e-08  2.44384000e-08  1.72808927e-01 
 2.44784000e-08  2.44784000e-08  1.72808548e-01 
 2.45184000e-08  2.45184000e-08  1.72808168e-01 
 2.45584000e-08  2.45584000e-08  1.72807787e-01 
 2.45984000e-08  2.45984000e-08  1.72807403e-01 
 2.46384000e-08  2.46384000e-08  1.72807016e-01 
 2.46784000e-08  2.46784000e-08  1.72806625e-01 
 2.47184000e-08  2.47184000e-08  1.72806230e-01 
 2.47584000e-08  2.47584000e-08  1.72805828e-01 
 2.47984000e-08  2.47984000e-08  1.72805420e-01 
 2.48384000e-08  2.48384000e-08  1.72805003e-01 
 2.48784000e-08  2.48784000e-08  1.72804577e-01 
 2.49184000e-08  2.49184000e-08  1.72804139e-01 
 2.49584000e-08  2.49584000e-08  1.72803689e-01 
 2.49984000e-08  2.49984000e-08  1.72803223e-01 
 2.50384000e-08  2.50384000e-08  1.72802741e-01 
 2.50784000e-08  2.50784000e-08  1.72802238e-01 
 2.51184000e-08  2.51184000e-08  1.72801712e-01 
 2.51584000e-08  2.51584000e-08  1.72801159e-01 
 2.51984000e-08  2.51984000e-08  1.72800574e-01 
 2.52384000e-08  2.52384000e-08  1.72799952e-01 
 2.52784000e-08  2.52784000e-08  1.72799285e-01 
 2.53184000e-08  2.53184000e-08  1.72798566e-01 
 2.53584000e-08  2.53584000e-08  1.72797785e-01 
 2.53984000e-08  2.53984000e-08  1.72796926e-01 
 2.54384000e-08  2.54384000e-08  1.72795736e-01 
 2.54784000e-08  2.54784000e-08  1.72794706e-01 
 2.55184000e-08  2.55184000e-08  1.72793593e-01 
 2.55584000e-08  2.55584000e-08  1.72792264e-01 
 2.55984000e-08  2.55984000e-08  1.72790693e-01 
 2.56384000e-08  2.56384000e-08  1.72788889e-01 
 2.56784000e-08  2.56784000e-08  1.72786910e-01 
 2.57184000e-08  2.57184000e-08  1.72784967e-01 
 2.57584000e-08  2.57584000e-08  1.72783689e-01 
 2.57984000e-08  2.57984000e-08  1.72784782e-01 
 2.58384000e-08  2.58384000e-08  1.72793036e-01 
 2.58784000e-08  2.58784000e-08  1.72824151e-01 
 2.59184000e-08  2.59184000e-08  1.72950243e-01 
 2.59584000e-08  2.59584000e-08  1.74126779e-01 
 2.59984000e-08  2.59984000e-08  1.76562048e-01 
 2.60384000e-08  2.60384000e-08  1.76151255e-01 
 2.60784000e-08  2.60784000e-08  1.71116055e-01 
 2.61184000e-08  2.61184000e-08  1.63764517e-01 
 2.61584000e-08  2.61584000e-08  1.67833972e-01 
 2.61984000e-08  2.61984000e-08  1.71525918e-01 
 2.62384000e-08  2.62384000e-08  1.72825384e-01 
 2.62784000e-08  2.62784000e-08  1.72963777e-01 
 2.63184000e-08  2.63184000e-08  1.72871101e-01 
 2.63584000e-08  2.63584000e-08  1.72822245e-01 
 2.63984000e-08  2.63984000e-08  1.72813624e-01 
 2.64384000e-08  2.64384000e-08  1.72814818e-01 
 2.64784000e-08  2.64784000e-08  1.72815644e-01 
 2.65184000e-08  2.65184000e-08  1.72815465e-01 
 2.65584000e-08  2.65584000e-08  1.72814993e-01 
 2.65984000e-08  2.65984000e-08  1.72814519e-01 
 2.66384000e-08  2.66384000e-08  1.72814079e-01 
 2.66784000e-08  2.66784000e-08  1.72813656e-01 
 2.67184000e-08  2.67184000e-08  1.72813241e-01 
 2.67584000e-08  2.67584000e-08  1.72812832e-01 
 2.67984000e-08  2.67984000e-08  1.72812430e-01 
 2.68384000e-08  2.68384000e-08  1.72812032e-01 
 2.68784000e-08  2.68784000e-08  1.72811639e-01 
 2.69184000e-08  2.69184000e-08  1.72811250e-01 
 2.69584000e-08  2.69584000e-08  1.72810865e-01 
 2.69984000e-08  2.69984000e-08  1.72810482e-01 
 2.70384000e-08  2.70384000e-08  1.72810101e-01 
 2.70784000e-08  2.70784000e-08  1.72809721e-01 
 2.71184000e-08  2.71184000e-08  1.72809342e-01 
 2.71584000e-08  2.71584000e-08  1.72808964e-01 
 2.71984000e-08  2.71984000e-08  1.72808585e-01 
 2.72384000e-08  2.72384000e-08  1.72808206e-01 
 2.72784000e-08  2.72784000e-08  1.72807824e-01 
 2.73184000e-08  2.73184000e-08  1.72807441e-01 
 2.73584000e-08  2.73584000e-08  1.72807054e-01 
 2.73984000e-08  2.73984000e-08  1.72806664e-01 
 2.74384000e-08  2.74384000e-08  1.72806269e-01 
 2.74784000e-08  2.74784000e-08  1.72805868e-01 
 2.75184000e-08  2.75184000e-08  1.72805460e-01 
 2.75584000e-08  2.75584000e-08  1.72805044e-01 
 2.75984000e-08  2.75984000e-08  1.72804619e-01 
 2.76384000e-08  2.76384000e-08  1.72804183e-01 
 2.76784000e-08  2.76784000e-08  1.72803733e-01 
 2.77184000e-08  2.77184000e-08  1.72803270e-01 
 2.77584000e-08  2.77584000e-08  1.72802789e-01 
 2.77984000e-08  2.77984000e-08  1.72802288e-01 
 2.78384000e-08  2.78384000e-08  1.72801765e-01 
 2.78784000e-08  2.78784000e-08  1.72801214e-01 
 2.79184000e-08  2.79184000e-08  1.72800633e-01 
 2.79584000e-08  2.79584000e-08  1.72800014e-01 
 2.79984000e-08  2.79984000e-08  1.72799353e-01 
 2.80384000e-08  2.80384000e-08  1.72798640e-01 
 2.80784000e-08  2.80784000e-08  1.72797864e-01 
 2.81184000e-08  2.81184000e-08  1.72797014e-01 
 2.81584000e-08  2.81584000e-08  1.72795838e-01 
 2.81984000e-08  2.81984000e-08  1.72794821e-01 
 2.82384000e-08  2.82384000e-08  1.72793721e-01 
 2.82784000e-08  2.82784000e-08  1.72792410e-01 
 2.83184000e-08  2.83184000e-08  1.72790859e-01 
 2.83584000e-08  2.83584000e-08  1.72789076e-01 
 2.83984000e-08  2.83984000e-08  1.72787108e-01 
 2.84384000e-08  2.84384000e-08  1.72785144e-01 
 2.84784000e-08  2.84784000e-08  1.72783751e-01 
 2.85184000e-08  2.85184000e-08  1.72784477e-01 
 2.85584000e-08  2.85584000e-08  1.72791631e-01 
 2.85984000e-08  2.85984000e-08  1.72819035e-01 
 2.86384000e-08  2.86384000e-08  1.72927315e-01 
 2.86784000e-08  2.86784000e-08  1.73762736e-01 
 2.87184000e-08  2.87184000e-08  1.76351192e-01 
 2.87584000e-08  2.87584000e-08  1.76470243e-01 
 2.87984000e-08  2.87984000e-08  1.72101336e-01 
 2.88384000e-08  2.88384000e-08  1.64642989e-01 
 2.88784000e-08  2.88784000e-08  1.66182595e-01 
 2.89184000e-08  2.89184000e-08  1.70728916e-01 
 2.89584000e-08  2.89584000e-08  1.72669242e-01 
 2.89984000e-08  2.89984000e-08  1.72988046e-01 
 2.90384000e-08  2.90384000e-08  1.72899903e-01 
 2.90784000e-08  2.90784000e-08  1.72833740e-01 
 2.91184000e-08  2.91184000e-08  1.72817681e-01 
 2.91584000e-08  2.91584000e-08  1.72817588e-01 
 2.91984000e-08  2.91984000e-08  1.72818574e-01 
 2.92384000e-08  2.92384000e-08  1.72818521e-01 
 2.92784000e-08  2.92784000e-08  1.72818020e-01 
 2.93184000e-08  2.93184000e-08  1.72817465e-01 
 2.93584000e-08  2.93584000e-08  1.72816941e-01 
 2.93984000e-08  2.93984000e-08  1.72816445e-01 
 2.94384000e-08  2.94384000e-08  1.72815965e-01 
 2.94784000e-08  2.94784000e-08  1.72815499e-01 
 2.95184000e-08  2.95184000e-08  1.72815044e-01 
 2.95584000e-08  2.95584000e-08  1.72814600e-01 
 2.95984000e-08  2.95984000e-08  1.72814166e-01 
 2.96384000e-08  2.96384000e-08  1.72813741e-01 
 2.96784000e-08  2.96784000e-08  1.72813324e-01 
 2.97184000e-08  2.97184000e-08  1.72812914e-01 
 2.97584000e-08  2.97584000e-08  1.72812510e-01 
 2.97984000e-08  2.97984000e-08  1.72812112e-01 
 2.98384000e-08  2.98384000e-08  1.72811718e-01 
 2.98784000e-08  2.98784000e-08  1.72811329e-01 
 2.99184000e-08  2.99184000e-08  1.72810942e-01 
 2.99584000e-08  2.99584000e-08  1.72810559e-01 
 2.99984000e-08  2.99984000e-08  1.72810177e-01 
 3.00000000e-08  3.00000000e-08  1.72810157e-01 
