 time            time            v(net2)        
 4.00000000e-13  4.00000000e-13  5.69263436e-03 
 8.00000000e-13  8.00000000e-13  6.34875869e-03 
 1.60000000e-12  1.60000000e-12  7.55550037e-03 
 3.20000000e-12  3.20000000e-12  9.55543940e-03 
 6.40000000e-12  6.40000000e-12  1.24637020e-02 
 1.28000000e-11  1.28000000e-11  1.61015386e-02 
 2.56000000e-11  2.56000000e-11  1.96622118e-02 
 4.00000000e-11  4.00000000e-11  2.14006776e-02 
 4.25600000e-11  4.25600000e-11  2.15167163e-02 
 4.76800000e-11  4.76800000e-11  2.17627193e-02 
 5.79200000e-11  5.79200000e-11  2.22811964e-02 
 7.84000000e-11  7.84000000e-11  2.33349120e-02 
 1.18400000e-10  1.18400000e-10  2.53843853e-02 
 1.58400000e-10  1.58400000e-10  2.74244619e-02 
 1.98400000e-10  1.98400000e-10  2.94585501e-02 
 2.38400000e-10  2.38400000e-10  3.14871268e-02 
 2.78400000e-10  2.78400000e-10  3.35101170e-02 
 3.18400000e-10  3.18400000e-10  3.55275748e-02 
 3.58400000e-10  3.58400000e-10  3.75396200e-02 
 3.98400000e-10  3.98400000e-10  3.95463672e-02 
 4.38400000e-10  4.38400000e-10  4.15479143e-02 
 4.78400000e-10  4.78400000e-10  4.35443462e-02 
 5.18400000e-10  5.18400000e-10  4.55357377e-02 
 5.58400000e-10  5.58400000e-10  4.75221538e-02 
 5.98400000e-10  5.98400000e-10  4.95036508e-02 
 6.38400000e-10  6.38400000e-10  5.14802765e-02 
 6.78400000e-10  6.78400000e-10  5.34520706e-02 
 7.18400000e-10  7.18400000e-10  5.54190654e-02 
 7.58400000e-10  7.58400000e-10  5.73812859e-02 
 7.98400000e-10  7.98400000e-10  5.93387495e-02 
 8.38400000e-10  8.38400000e-10  6.12914668e-02 
 8.78400000e-10  8.78400000e-10  6.32394411e-02 
 9.18400000e-10  9.18400000e-10  6.51826679e-02 
 9.58400000e-10  9.58400000e-10  6.71211352e-02 
 9.98400000e-10  9.98400000e-10  6.90548226e-02 
 1.03840000e-09  1.03840000e-09  7.09837010e-02 
 1.07840000e-09  1.07840000e-09  7.29077318e-02 
 1.11840000e-09  1.11840000e-09  7.48268662e-02 
 1.15840000e-09  1.15840000e-09  7.67410443e-02 
 1.19840000e-09  1.19840000e-09  7.86501938e-02 
 1.23840000e-09  1.23840000e-09  8.05542289e-02 
 1.27840000e-09  1.27840000e-09  8.24530486e-02 
 1.31840000e-09  1.31840000e-09  8.43465351e-02 
 1.35840000e-09  1.35840000e-09  8.62345514e-02 
 1.39840000e-09  1.39840000e-09  8.81169386e-02 
 1.43840000e-09  1.43840000e-09  8.99935131e-02 
 1.47840000e-09  1.47840000e-09  9.18640621e-02 
 1.51840000e-09  1.51840000e-09  9.37283397e-02 
 1.55840000e-09  1.55840000e-09  9.55860602e-02 
 1.59840000e-09  1.59840000e-09  9.74368912e-02 
 1.63840000e-09  1.63840000e-09  9.92804444e-02 
 1.67840000e-09  1.67840000e-09  1.01116263e-01 
 1.71840000e-09  1.71840000e-09  1.02943809e-01 
 1.75840000e-09  1.75840000e-09  1.04762438e-01 
 1.79840000e-09  1.79840000e-09  1.06571382e-01 
 1.83840000e-09  1.83840000e-09  1.08369707e-01 
 1.87840000e-09  1.87840000e-09  1.10153384e-01 
 1.91840000e-09  1.91840000e-09  1.11924507e-01 
 1.95840000e-09  1.95840000e-09  1.13681617e-01 
 1.99840000e-09  1.99840000e-09  1.15422245e-01 
 2.03840000e-09  2.03840000e-09  1.17143621e-01 
 2.07840000e-09  2.07840000e-09  1.18842978e-01 
 2.11840000e-09  2.11840000e-09  1.20518242e-01 
 2.15840000e-09  2.15840000e-09  1.22170031e-01 
 2.19840000e-09  2.19840000e-09  1.23806882e-01 
 2.23840000e-09  2.23840000e-09  1.25458884e-01 
 2.27840000e-09  2.27840000e-09  1.27217095e-01 
 2.31840000e-09  2.31840000e-09  1.29376684e-01 
 2.35840000e-09  2.35840000e-09  1.33209820e-01 
 2.39840000e-09  2.39840000e-09  1.54814257e-01 
 2.43840000e-09  2.43840000e-09  1.99330303e-01 
 2.47840000e-09  2.47840000e-09  2.32233805e-01 
 2.51840000e-09  2.51840000e-09  2.02728108e-01 
 2.55840000e-09  2.55840000e-09  8.39131610e-02 
 2.59840000e-09  2.59840000e-09  4.21890337e-02 
 2.63840000e-09  2.63840000e-09  2.82987904e-02 
 2.67840000e-09  2.67840000e-09  2.53180804e-02 
 2.71840000e-09  2.71840000e-09  2.57317782e-02 
 2.75840000e-09  2.75840000e-09  2.71731978e-02 
 2.79840000e-09  2.79840000e-09  2.89952743e-02 
 2.83840000e-09  2.83840000e-09  3.09571884e-02 
 2.87840000e-09  2.87840000e-09  3.29614909e-02 
 2.91840000e-09  2.91840000e-09  3.49742576e-02 
 2.95840000e-09  2.95840000e-09  3.69856514e-02 
 2.99840000e-09  2.99840000e-09  3.89930644e-02 
 3.03840000e-09  3.03840000e-09  4.09957551e-02 
 3.07840000e-09  3.07840000e-09  4.29934965e-02 
 3.11840000e-09  3.11840000e-09  4.49862431e-02 
 3.15840000e-09  3.15840000e-09  4.69740181e-02 
 3.19840000e-09  3.19840000e-09  4.89568656e-02 
 3.23840000e-09  3.23840000e-09  5.09348313e-02 
 3.27840000e-09  3.27840000e-09  5.29079560e-02 
 3.31840000e-09  3.31840000e-09  5.48762734e-02 
 3.35840000e-09  3.35840000e-09  5.68398104e-02 
 3.39840000e-09  3.39840000e-09  5.87985865e-02 
 3.43840000e-09  3.43840000e-09  6.07526141e-02 
 3.47840000e-09  3.47840000e-09  6.27018984e-02 
 3.51840000e-09  3.51840000e-09  6.46464373e-02 
 3.55840000e-09  3.55840000e-09  6.65862208e-02 
 3.59840000e-09  3.59840000e-09  6.85212309e-02 
 3.63840000e-09  3.63840000e-09  7.04514410e-02 
 3.67840000e-09  3.67840000e-09  7.23768151e-02 
 3.71840000e-09  3.71840000e-09  7.42973074e-02 
 3.75840000e-09  3.75840000e-09  7.62128610e-02 
 3.79840000e-09  3.79840000e-09  7.81234073e-02 
 3.83840000e-09  3.83840000e-09  8.00288644e-02 
 3.87840000e-09  3.87840000e-09  8.19291356e-02 
 3.91840000e-09  3.91840000e-09  8.38241080e-02 
 3.95840000e-09  3.95840000e-09  8.57136500e-02 
 3.99840000e-09  3.99840000e-09  8.75976092e-02 
 4.03840000e-09  4.03840000e-09  8.94758090e-02 
 4.07840000e-09  4.07840000e-09  9.13480453e-02 
 4.11840000e-09  4.11840000e-09  9.32140817e-02 
 4.15840000e-09  4.15840000e-09  9.50736443e-02 
 4.19840000e-09  4.19840000e-09  9.69264144e-02 
 4.23840000e-09  4.23840000e-09  9.87720202e-02 
 4.27840000e-09  4.27840000e-09  1.00610025e-01 
 4.31840000e-09  4.31840000e-09  1.02439915e-01 
 4.35840000e-09  4.35840000e-09  1.04261078e-01 
 4.39840000e-09  4.39840000e-09  1.06072783e-01 
 4.43840000e-09  4.43840000e-09  1.07874145e-01 
 4.47840000e-09  4.47840000e-09  1.09661311e-01 
 4.51840000e-09  4.51840000e-09  1.11436339e-01 
 4.55840000e-09  4.55840000e-09  1.13197841e-01 
 4.59840000e-09  4.59840000e-09  1.14943453e-01 
 4.63840000e-09  4.63840000e-09  1.16670504e-01 
 4.67840000e-09  4.67840000e-09  1.18376228e-01 
 4.71840000e-09  4.71840000e-09  1.20058264e-01 
 4.75840000e-09  4.75840000e-09  1.21716168e-01 
 4.79840000e-09  4.79840000e-09  1.23355447e-01 
 4.83840000e-09  4.83840000e-09  1.24997965e-01 
 4.87840000e-09  4.87840000e-09  1.26710868e-01 
 4.91840000e-09  4.91840000e-09  1.28703916e-01 
 4.95840000e-09  4.95840000e-09  1.31787117e-01 
 4.99840000e-09  4.99840000e-09  1.42133651e-01 
 5.03840000e-09  5.03840000e-09  1.81529590e-01 
 5.07840000e-09  5.07840000e-09  2.23945449e-01 
 5.11840000e-09  5.11840000e-09  2.24934978e-01 
 5.15840000e-09  5.15840000e-09  1.35733688e-01 
 5.19840000e-09  5.19840000e-09  4.58890177e-02 
 5.23840000e-09  5.23840000e-09  1.39902713e-02 
 5.27840000e-09  5.27840000e-09  4.92118552e-03 
 5.31840000e-09  5.31840000e-09  3.51600603e-03 
 5.35840000e-09  5.35840000e-09  4.41705657e-03 
 5.39840000e-09  5.39840000e-09  6.09970705e-03 
 5.43840000e-09  5.43840000e-09  8.06365492e-03 
 5.47840000e-09  5.47840000e-09  1.01178925e-02 
 5.51840000e-09  5.51840000e-09  1.21947977e-02 
 5.55840000e-09  5.55840000e-09  1.42734023e-02 
 5.59840000e-09  5.59840000e-09  1.63477060e-02 
 5.63840000e-09  5.63840000e-09  1.84159925e-02 
 5.67840000e-09  5.67840000e-09  2.04778117e-02 
 5.71840000e-09  5.71840000e-09  2.25331406e-02 
 5.75840000e-09  5.75840000e-09  2.45821048e-02 
 5.79840000e-09  5.79840000e-09  2.66248725e-02 
 5.83840000e-09  5.83840000e-09  2.86616160e-02 
 5.87840000e-09  5.87840000e-09  3.06924983e-02 
 5.91840000e-09  5.91840000e-09  3.27176698e-02 
 5.95840000e-09  5.95840000e-09  3.47372679e-02 
 5.99840000e-09  5.99840000e-09  3.67514169e-02 
 6.03840000e-09  6.03840000e-09  3.87602290e-02 
 6.07840000e-09  6.07840000e-09  4.07638045e-02 
 6.11840000e-09  6.11840000e-09  4.27622326e-02 
 6.15840000e-09  6.15840000e-09  4.47555920e-02 
 6.19840000e-09  6.19840000e-09  4.67439515e-02 
 6.23840000e-09  6.23840000e-09  4.87273710e-02 
 6.27840000e-09  6.27840000e-09  5.07059013e-02 
 6.31840000e-09  6.31840000e-09  5.26795854e-02 
 6.35840000e-09  6.35840000e-09  5.46484585e-02 
 6.39840000e-09  6.39840000e-09  5.66125482e-02 
 6.43840000e-09  6.43840000e-09  5.85718752e-02 
 6.47840000e-09  6.47840000e-09  6.05264525e-02 
 6.51840000e-09  6.51840000e-09  6.24762865e-02 
 6.55840000e-09  6.55840000e-09  6.44213755e-02 
 6.59840000e-09  6.59840000e-09  6.63617108e-02 
 6.63840000e-09  6.63840000e-09  6.82972752e-02 
 6.67840000e-09  6.67840000e-09  7.02280431e-02 
 6.71840000e-09  6.71840000e-09  7.21539796e-02 
 6.75840000e-09  6.75840000e-09  7.40750402e-02 
 6.79840000e-09  6.79840000e-09  7.59911694e-02 
 6.83840000e-09  6.83840000e-09  7.79022998e-02 
 6.87840000e-09  6.87840000e-09  7.98083512e-02 
 6.91840000e-09  6.91840000e-09  8.17092287e-02 
 6.95840000e-09  6.95840000e-09  8.36048214e-02 
 6.99840000e-09  6.99840000e-09  8.54950000e-02 
 7.03840000e-09  7.03840000e-09  8.73796146e-02 
 7.07840000e-09  7.07840000e-09  8.92584916e-02 
 7.11840000e-09  7.11840000e-09  9.11314303e-02 
 7.15840000e-09  7.15840000e-09  9.29981984e-02 
 7.19840000e-09  7.19840000e-09  9.48585264e-02 
 7.23840000e-09  7.23840000e-09  9.67121015e-02 
 7.27840000e-09  7.27840000e-09  9.85585584e-02 
 7.31840000e-09  7.31840000e-09  1.00397469e-01 
 7.35840000e-09  7.35840000e-09  1.02228328e-01 
 7.39840000e-09  7.39840000e-09  1.04050538e-01 
 7.43840000e-09  7.43840000e-09  1.05863380e-01 
 7.47840000e-09  7.47840000e-09  1.07665991e-01 
 7.51840000e-09  7.51840000e-09  1.09454590e-01 
 7.55840000e-09  7.55840000e-09  1.11231217e-01 
 7.59840000e-09  7.59840000e-09  1.12994514e-01 
 7.63840000e-09  7.63840000e-09  1.14742162e-01 
 7.67840000e-09  7.67840000e-09  1.16471533e-01 
 7.71840000e-09  7.71840000e-09  1.18179874e-01 
 7.75840000e-09  7.75840000e-09  1.19864738e-01 
 7.79840000e-09  7.79840000e-09  1.21525327e-01 
 7.83840000e-09  7.83840000e-09  1.23166106e-01 
 7.87840000e-09  7.87840000e-09  1.24806115e-01 
 7.91840000e-09  7.91840000e-09  1.26504479e-01 
 7.95840000e-09  7.95840000e-09  1.28443845e-01 
 7.99840000e-09  7.99840000e-09  1.31303371e-01 
 8.03840000e-09  8.03840000e-09  1.39557637e-01 
 8.07840000e-09  8.07840000e-09  1.76909821e-01 
 8.11840000e-09  8.11840000e-09  2.20738168e-01 
 8.15840000e-09  8.15840000e-09  2.28283200e-01 
 8.19840000e-09  8.19840000e-09  1.48492977e-01 
 8.23840000e-09  8.23840000e-09  4.90745286e-02 
 8.27840000e-09  8.27840000e-09  1.40188819e-02 
 8.31840000e-09  8.31840000e-09  3.84971510e-03 
 8.35840000e-09  8.35840000e-09  2.09044439e-03 
 8.39840000e-09  8.39840000e-09  2.87959290e-03 
 8.43840000e-09  8.43840000e-09  4.52771640e-03 
 8.47840000e-09  8.47840000e-09  6.48402368e-03 
 8.51840000e-09  8.51840000e-09  8.53987103e-03 
 8.55840000e-09  8.55840000e-09  1.06212848e-02 
 8.59840000e-09  8.59840000e-09  1.27051610e-02 
 8.63840000e-09  8.63840000e-09  1.47848361e-02 
 8.67840000e-09  8.67840000e-09  1.68583967e-02 
 8.71840000e-09  8.71840000e-09  1.89253381e-02 
 8.75840000e-09  8.75840000e-09  2.09856279e-02 
 8.79840000e-09  8.79840000e-09  2.30393968e-02 
 8.83840000e-09  8.83840000e-09  2.50868236e-02 
 8.87840000e-09  8.87840000e-09  2.71280915e-02 
 8.91840000e-09  8.91840000e-09  2.91633746e-02 
 8.95840000e-09  8.95840000e-09  3.11928343e-02 
 8.99840000e-09  8.99840000e-09  3.32166182e-02 
 9.03840000e-09  9.03840000e-09  3.52348604e-02 
 9.07840000e-09  9.07840000e-09  3.72476823e-02 
 9.11840000e-09  9.11840000e-09  3.92551931e-02 
 9.15840000e-09  9.15840000e-09  4.12574904e-02 
 9.19840000e-09  9.19840000e-09  4.32546606e-02 
 9.23840000e-09  9.23840000e-09  4.52467800e-02 
 9.27840000e-09  9.27840000e-09  4.72339151e-02 
 9.31840000e-09  9.31840000e-09  4.92161235e-02 
 9.35840000e-09  9.35840000e-09  5.11934541e-02 
 9.39840000e-09  9.39840000e-09  5.31659479e-02 
 9.43840000e-09  9.43840000e-09  5.51336381e-02 
 9.47840000e-09  9.47840000e-09  5.70965508e-02 
 9.51840000e-09  9.51840000e-09  5.90547046e-02 
 9.55840000e-09  9.55840000e-09  6.10081110e-02 
 9.59840000e-09  9.59840000e-09  6.29567743e-02 
 9.63840000e-09  9.63840000e-09  6.49006913e-02 
 9.67840000e-09  9.67840000e-09  6.68398510e-02 
 9.71840000e-09  9.71840000e-09  6.87742343e-02 
 9.75840000e-09  9.75840000e-09  7.07038135e-02 
 9.79840000e-09  9.79840000e-09  7.26285512e-02 
 9.83840000e-09  9.83840000e-09  7.45484003e-02 
 9.87840000e-09  9.87840000e-09  7.64633025e-02 
 9.91840000e-09  9.91840000e-09  7.83731874e-02 
 9.95840000e-09  9.95840000e-09  8.02779713e-02 
 9.99840000e-09  9.99840000e-09  8.21775555e-02 
 1.00384000e-08  1.00384000e-08  8.40718248e-02 
 1.00784000e-08  1.00784000e-08  8.59606450e-02 
 1.01184000e-08  1.01184000e-08  8.78438606e-02 
 1.01584000e-08  1.01584000e-08  8.97212919e-02 
 1.01984000e-08  1.01984000e-08  9.15927306e-02 
 1.02384000e-08  1.02384000e-08  9.34579359e-02 
 1.02784000e-08  1.02784000e-08  9.53166283e-02 
 1.03184000e-08  1.03184000e-08  9.71684828e-02 
 1.03584000e-08  1.03584000e-08  9.90131197e-02 
 1.03984000e-08  1.03984000e-08  1.00850093e-01 
 1.04384000e-08  1.04384000e-08  1.02678878e-01 
 1.04784000e-08  1.04784000e-08  1.04498847e-01 
 1.05184000e-08  1.05184000e-08  1.06309251e-01 
 1.05584000e-08  1.05584000e-08  1.08109184e-01 
 1.05984000e-08  1.05984000e-08  1.09894710e-01 
 1.06384000e-08  1.06384000e-08  1.11667903e-01 
 1.06784000e-08  1.06784000e-08  1.13427343e-01 
 1.07184000e-08  1.07184000e-08  1.15170616e-01 
 1.07584000e-08  1.07584000e-08  1.16895002e-01 
 1.07984000e-08  1.07984000e-08  1.18597729e-01 
 1.08384000e-08  1.08384000e-08  1.20276557e-01 
 1.08784000e-08  1.08784000e-08  1.21931505e-01 
 1.09184000e-08  1.09184000e-08  1.23569412e-01 
 1.09584000e-08  1.09584000e-08  1.25215755e-01 
 1.09984000e-08  1.09984000e-08  1.26948082e-01 
 1.10384000e-08  1.10384000e-08  1.29012479e-01 
 1.10784000e-08  1.10784000e-08  1.32406192e-01 
 1.11184000e-08  1.11184000e-08  1.46689196e-01 
 1.11584000e-08  1.11584000e-08  1.88583746e-01 
 1.11984000e-08  1.11984000e-08  2.28055197e-01 
 1.12384000e-08  1.12384000e-08  2.18022318e-01 
 1.12784000e-08  1.12784000e-08  1.14984778e-01 
 1.13184000e-08  1.13184000e-08  4.37807375e-02 
 1.13584000e-08  1.13584000e-08  1.83930693e-02 
 1.13984000e-08  1.13984000e-08  1.15411639e-02 
 1.14384000e-08  1.14384000e-08  1.08298887e-02 
 1.14784000e-08  1.14784000e-08  1.19368088e-02 
 1.15184000e-08  1.15184000e-08  1.36703818e-02 
 1.15584000e-08  1.15584000e-08  1.56331249e-02 
 1.15984000e-08  1.15984000e-08  1.76689412e-02 
 1.16384000e-08  1.16384000e-08  1.97223418e-02 
 1.16784000e-08  1.16784000e-08  2.17763980e-02 
 1.17184000e-08  1.17184000e-08  2.38263843e-02 
 1.17584000e-08  1.17584000e-08  2.58709586e-02 
 1.17984000e-08  1.17984000e-08  2.79097535e-02 
 1.18384000e-08  1.18384000e-08  2.99427338e-02 
 1.18784000e-08  1.18784000e-08  3.19699830e-02 
 1.19184000e-08  1.19184000e-08  3.39916203e-02 
 1.19584000e-08  1.19584000e-08  3.60077674e-02 
 1.19984000e-08  1.19984000e-08  3.80185387e-02 
 1.20384000e-08  1.20384000e-08  4.00240381e-02 
 1.20784000e-08  1.20784000e-08  4.20243585e-02 
 1.21184000e-08  1.21184000e-08  4.40195823e-02 
 1.21584000e-08  1.21584000e-08  4.60097820e-02 
 1.21984000e-08  1.21984000e-08  4.79950205e-02 
 1.22384000e-08  1.22384000e-08  4.99753521e-02 
 1.22784000e-08  1.22784000e-08  5.19508225e-02 
 1.23184000e-08  1.23184000e-08  5.39214697e-02 
 1.23584000e-08  1.23584000e-08  5.58873243e-02 
 1.23984000e-08  1.23984000e-08  5.78484092e-02 
 1.24384000e-08  1.24384000e-08  5.98047406e-02 
 1.24784000e-08  1.24784000e-08  6.17563271e-02 
 1.25184000e-08  1.25184000e-08  6.37031702e-02 
 1.25584000e-08  1.25584000e-08  6.56452636e-02 
 1.25984000e-08  1.25984000e-08  6.75825935e-02 
 1.26384000e-08  1.26384000e-08  6.95151374e-02 
 1.26784000e-08  1.26784000e-08  7.14428639e-02 
 1.27184000e-08  1.27184000e-08  7.33657321e-02 
 1.27584000e-08  1.27584000e-08  7.52836908e-02 
 1.27984000e-08  1.27984000e-08  7.71966770e-02 
 1.28384000e-08  1.28384000e-08  7.91046154e-02 
 1.28784000e-08  1.28784000e-08  8.10074168e-02 
 1.29184000e-08  1.29184000e-08  8.29049764e-02 
 1.29584000e-08  1.29584000e-08  8.47971720e-02 
 1.29984000e-08  1.29984000e-08  8.66838615e-02 
 1.30384000e-08  1.30384000e-08  8.85648805e-02 
 1.30784000e-08  1.30784000e-08  9.04400389e-02 
 1.31184000e-08  1.31184000e-08  9.23091164e-02 
 1.31584000e-08  1.31584000e-08  9.41718582e-02 
 1.31984000e-08  1.31984000e-08  9.60279682e-02 
 1.32384000e-08  1.32384000e-08  9.78771017e-02 
 1.32784000e-08  1.32784000e-08  9.97188552e-02 
 1.33184000e-08  1.33184000e-08  1.01552754e-01 
 1.33584000e-08  1.33584000e-08  1.03378236e-01 
 1.33984000e-08  1.33984000e-08  1.05194632e-01 
 1.34384000e-08  1.34384000e-08  1.07001135e-01 
 1.34784000e-08  1.34784000e-08  1.08796770e-01 
 1.35184000e-08  1.35184000e-08  1.10577345e-01 
 1.35584000e-08  1.35584000e-08  1.12344986e-01 
 1.35984000e-08  1.35984000e-08  1.14098174e-01 
 1.36384000e-08  1.36384000e-08  1.15834346e-01 
 1.36784000e-08  1.36784000e-08  1.17550660e-01 
 1.37184000e-08  1.37184000e-08  1.19244387e-01 
 1.37584000e-08  1.37584000e-08  1.20913818e-01 
 1.37984000e-08  1.37984000e-08  1.22560787e-01 
 1.38384000e-08  1.38384000e-08  1.24197205e-01 
 1.38784000e-08  1.38784000e-08  1.25862390e-01 
 1.39184000e-08  1.39184000e-08  1.27675249e-01 
 1.39584000e-08  1.39584000e-08  1.30038681e-01 
 1.39984000e-08  1.39984000e-08  1.34920672e-01 
 1.40384000e-08  1.40384000e-08  1.65102176e-01 
 1.40784000e-08  1.40784000e-08  2.10635405e-01 
 1.41184000e-08  1.41184000e-08  2.32917733e-01 
 1.41584000e-08  1.41584000e-08  1.78945649e-01 
 1.41984000e-08  1.41984000e-08  6.15718611e-02 
 1.42384000e-08  1.42384000e-08  2.12872830e-02 
 1.42784000e-08  1.42784000e-08  9.09035099e-03 
 1.43184000e-08  1.43184000e-08  6.65211664e-03 
 1.43584000e-08  1.43584000e-08  7.20705006e-03 
 1.43984000e-08  1.43984000e-08  8.75790458e-03 
 1.44384000e-08  1.44384000e-08  1.06689344e-02 
 1.44784000e-08  1.44784000e-08  1.26996303e-02 
 1.45184000e-08  1.45184000e-08  1.47629538e-02 
 1.45584000e-08  1.45584000e-08  1.68311964e-02 
 1.45984000e-08  1.45984000e-08  1.88963287e-02 
 1.46384000e-08  1.46384000e-08  2.09560391e-02 
 1.46784000e-08  1.46784000e-08  2.30096722e-02 
 1.47184000e-08  1.47184000e-08  2.50571153e-02 
 1.47584000e-08  1.47584000e-08  2.70984477e-02 
 1.47984000e-08  1.47984000e-08  2.91338090e-02 
 1.48384000e-08  1.48384000e-08  3.11633497e-02 
 1.48784000e-08  1.48784000e-08  3.31872142e-02 
 1.49184000e-08  1.49184000e-08  3.52055358e-02 
 1.49584000e-08  1.49584000e-08  3.72184357e-02 
 1.49984000e-08  1.49984000e-08  3.92260231e-02 
 1.50384000e-08  1.50384000e-08  4.12283955e-02 
 1.50784000e-08  1.50784000e-08  4.32256397e-02 
 1.51184000e-08  1.51184000e-08  4.52178321e-02 
 1.51584000e-08  1.51584000e-08  4.72050393e-02 
 1.51984000e-08  1.51984000e-08  4.91873190e-02 
 1.52384000e-08  1.52384000e-08  5.11647203e-02 
 1.52784000e-08  1.52784000e-08  5.31372842e-02 
 1.53184000e-08  1.53184000e-08  5.51050441e-02 
 1.53584000e-08  1.53584000e-08  5.70680261e-02 
 1.53984000e-08  1.53984000e-08  5.90262491e-02 
 1.54384000e-08  1.54384000e-08  6.09797245e-02 
 1.54784000e-08  1.54784000e-08  6.29284568e-02 
 1.55184000e-08  1.55184000e-08  6.48724429e-02 
 1.55584000e-08  1.55584000e-08  6.68116720e-02 
 1.55984000e-08  1.55984000e-08  6.87461250e-02 
 1.56384000e-08  1.56384000e-08  7.06757742e-02 
 1.56784000e-08  1.56784000e-08  7.26005827e-02 
 1.57184000e-08  1.57184000e-08  7.45205034e-02 
 1.57584000e-08  1.57584000e-08  7.64354780e-02 
 1.57984000e-08  1.57984000e-08  7.83454365e-02 
 1.58384000e-08  1.58384000e-08  8.02502953e-02 
 1.58784000e-08  1.58784000e-08  8.21499559e-02 
 1.59184000e-08  1.59184000e-08  8.40443034e-02 
 1.59584000e-08  1.59584000e-08  8.59332039e-02 
 1.59984000e-08  1.59984000e-08  8.78165024e-02 
 1.60384000e-08  1.60384000e-08  8.96940192e-02 
 1.60784000e-08  1.60784000e-08  9.15655467e-02 
 1.61184000e-08  1.61184000e-08  9.34308446e-02 
 1.61584000e-08  1.61584000e-08  9.52896340e-02 
 1.61984000e-08  1.61984000e-08  9.71415905e-02 
 1.62384000e-08  1.62384000e-08  9.89863355e-02 
 1.62784000e-08  1.62784000e-08  1.00823424e-01 
 1.63184000e-08  1.63184000e-08  1.02652332e-01 
 1.63584000e-08  1.63584000e-08  1.04472434e-01 
 1.63984000e-08  1.63984000e-08  1.06282984e-01 
 1.64384000e-08  1.64384000e-08  1.08083076e-01 
 1.64784000e-08  1.64784000e-08  1.09868786e-01 
 1.65184000e-08  1.65184000e-08  1.11642184e-01 
 1.65584000e-08  1.65584000e-08  1.13401855e-01 
 1.65984000e-08  1.65984000e-08  1.15145390e-01 
 1.66384000e-08  1.66384000e-08  1.16870074e-01 
 1.66784000e-08  1.66784000e-08  1.18573137e-01 
 1.67184000e-08  1.67184000e-08  1.20252322e-01 
 1.67584000e-08  1.67584000e-08  1.21907594e-01 
 1.67984000e-08  1.67984000e-08  1.23545634e-01 
 1.68384000e-08  1.68384000e-08  1.25191496e-01 
 1.68784000e-08  1.68784000e-08  1.26921493e-01 
 1.69184000e-08  1.69184000e-08  1.28977337e-01 
 1.69584000e-08  1.69584000e-08  1.32333004e-01 
 1.69984000e-08  1.69984000e-08  1.46054956e-01 
 1.70384000e-08  1.70384000e-08  1.87659527e-01 
 1.70784000e-08  1.70784000e-08  2.27572707e-01 
 1.71184000e-08  1.71184000e-08  2.19057610e-01 
 1.71584000e-08  1.71584000e-08  1.17797237e-01 
 1.71984000e-08  1.71984000e-08  4.37776429e-02 
 1.72384000e-08  1.72384000e-08  1.73784330e-02 
 1.72784000e-08  1.72784000e-08  1.01841073e-02 
 1.73184000e-08  1.73184000e-08  9.36725562e-03 
 1.73584000e-08  1.73584000e-08  1.04437509e-02 
 1.73984000e-08  1.73984000e-08  1.21706348e-02 
 1.74384000e-08  1.74384000e-08  1.41345858e-02 
 1.74784000e-08  1.74784000e-08  1.61741829e-02 
 1.75184000e-08  1.75184000e-08  1.82321092e-02 
 1.75584000e-08  1.75584000e-08  2.02908300e-02 
 1.75984000e-08  1.75984000e-08  2.23454270e-02 
 1.76384000e-08  1.76384000e-08  2.43945012e-02 
 1.76784000e-08  1.76784000e-08  2.64376739e-02 
 1.77184000e-08  1.77184000e-08  2.84749133e-02 
 1.77584000e-08  1.77584000e-08  3.05063112e-02 
 1.77984000e-08  1.77984000e-08  3.25319958e-02 
 1.78384000e-08  1.78384000e-08  3.45520983e-02 
 1.78784000e-08  1.78784000e-08  3.65667421e-02 
 1.79184000e-08  1.79184000e-08  3.85760395e-02 
 1.79584000e-08  1.79584000e-08  4.05800918e-02 
 1.79984000e-08  1.79984000e-08  4.25789889e-02 
 1.80384000e-08  1.80384000e-08  4.45728106e-02 
 1.80784000e-08  1.80784000e-08  4.65616265e-02 
 1.81184000e-08  1.81184000e-08  4.85454972e-02 
 1.81584000e-08  1.81584000e-08  5.05244744e-02 
 1.81984000e-08  1.81984000e-08  5.24986019e-02 
 1.82384000e-08  1.82384000e-08  5.44679153e-02 
 1.82784000e-08  1.82784000e-08  5.64324432e-02 
 1.83184000e-08  1.83184000e-08  5.83922067e-02 
 1.83584000e-08  1.83584000e-08  6.03472198e-02 
 1.83984000e-08  1.83984000e-08  6.22974891e-02 
 1.84384000e-08  1.84384000e-08  6.42430140e-02 
 1.84784000e-08  1.84784000e-08  6.61837862e-02 
 1.85184000e-08  1.85184000e-08  6.81197895e-02 
 1.85584000e-08  1.85584000e-08  7.00509990e-02 
 1.85984000e-08  1.85984000e-08  7.19773808e-02 
 1.86384000e-08  1.86384000e-08  7.38988912e-02 
 1.86784000e-08  1.86784000e-08  7.58154756e-02 
 1.87184000e-08  1.87184000e-08  7.77270681e-02 
 1.87584000e-08  1.87584000e-08  7.96335895e-02 
 1.87984000e-08  1.87984000e-08  8.15349463e-02 
 1.88384000e-08  1.88384000e-08  8.34310292e-02 
 1.88784000e-08  1.88784000e-08  8.53217108e-02 
 1.89184000e-08  1.89184000e-08  8.72068430e-02 
 1.89584000e-08  1.89584000e-08  8.90862546e-02 
 1.89984000e-08  1.89984000e-08  9.09597476e-02 
 1.90384000e-08  1.90384000e-08  9.28270928e-02 
 1.90784000e-08  1.90784000e-08  9.46880244e-02 
 1.91184000e-08  1.91184000e-08  9.65422338e-02 
 1.91584000e-08  1.91584000e-08  9.83893609e-02 
 1.91984000e-08  1.91984000e-08  1.00228984e-01 
 1.92384000e-08  1.92384000e-08  1.02060606e-01 
 1.92784000e-08  1.92784000e-08  1.03883637e-01 
 1.93184000e-08  1.93184000e-08  1.05697373e-01 
 1.93584000e-08  1.93584000e-08  1.07500964e-01 
 1.93984000e-08  1.93984000e-08  1.09290684e-01 
 1.94384000e-08  1.94384000e-08  1.11068563e-01 
 1.94784000e-08  1.94784000e-08  1.12833263e-01 
 1.95184000e-08  1.95184000e-08  1.14582501e-01 
 1.95584000e-08  1.95584000e-08  1.16313685e-01 
 1.95984000e-08  1.95984000e-08  1.18024076e-01 
 1.96384000e-08  1.96384000e-08  1.19711172e-01 
 1.96784000e-08  1.96784000e-08  1.21373924e-01 
 1.97184000e-08  1.97184000e-08  1.23016057e-01 
 1.97584000e-08  1.97584000e-08  1.24654594e-01 
 1.97984000e-08  1.97984000e-08  1.26342991e-01 
 1.98384000e-08  1.98384000e-08  1.28244886e-01 
 1.98784000e-08  1.98784000e-08  1.30954047e-01 
 1.99184000e-08  1.99184000e-08  1.38034353e-01 
 1.99584000e-08  1.99584000e-08  1.73780788e-01 
 1.99984000e-08  1.99984000e-08  2.18335959e-01 
 2.00384000e-08  2.00384000e-08  2.30053160e-01 
 2.00784000e-08  2.00784000e-08  1.56844695e-01 
 2.01184000e-08  2.01184000e-08  5.17536292e-02 
 2.01584000e-08  2.01584000e-08  1.49160921e-02 
 2.01984000e-08  2.01984000e-08  4.10604718e-03 
 2.02384000e-08  2.02384000e-08  2.13637164e-03 
 2.02784000e-08  2.02784000e-08  2.85617920e-03 
 2.03184000e-08  2.03184000e-08  4.47993587e-03 
 2.03584000e-08  2.03584000e-08  6.42797019e-03 
 2.03984000e-08  2.03984000e-08  8.48129567e-03 
 2.04384000e-08  2.04384000e-08  1.05620771e-02 
 2.04784000e-08  2.04784000e-08  1.26458973e-02 
 2.05184000e-08  2.05184000e-08  1.47256903e-02 
 2.05584000e-08  2.05584000e-08  1.67994222e-02 
 2.05984000e-08  2.05984000e-08  1.88665495e-02 
 2.06384000e-08  2.06384000e-08  2.09270258e-02 
 2.06784000e-08  2.06784000e-08  2.29809776e-02 
 2.07184000e-08  2.07184000e-08  2.50285823e-02 
 2.07584000e-08  2.07584000e-08  2.70700231e-02 
 2.07984000e-08  2.07984000e-08  2.91054745e-02 
 2.08384000e-08  2.08384000e-08  3.11350980e-02 
 2.08784000e-08  2.08784000e-08  3.31590416e-02 
 2.09184000e-08  2.09184000e-08  3.51774399e-02 
 2.09584000e-08  2.09584000e-08  3.71904147e-02 
 2.09984000e-08  2.09984000e-08  3.91980754e-02 
 2.10384000e-08  2.10384000e-08  4.12005199e-02 
 2.10784000e-08  2.10784000e-08  4.31978351e-02 
 2.11184000e-08  2.11184000e-08  4.51900974e-02 
 2.11584000e-08  2.11584000e-08  4.71773737e-02 
 2.11984000e-08  2.11984000e-08  4.91597217e-02 
 2.12384000e-08  2.12384000e-08  5.11371906e-02 
 2.12784000e-08  2.12784000e-08  5.31098217e-02 
 2.13184000e-08  2.13184000e-08  5.50776484e-02 
 2.13584000e-08  2.13584000e-08  5.70406969e-02 
 2.13984000e-08  2.13984000e-08  5.89989861e-02 
 2.14384000e-08  2.14384000e-08  6.09525276e-02 
 2.14784000e-08  2.14784000e-08  6.29013261e-02 
 2.15184000e-08  2.15184000e-08  6.48453784e-02 
 2.15584000e-08  2.15584000e-08  6.67846739e-02 
 2.15984000e-08  2.15984000e-08  6.87191936e-02 
 2.16384000e-08  2.16384000e-08  7.06489101e-02 
 2.16784000e-08  2.16784000e-08  7.25737863e-02 
 2.17184000e-08  2.17184000e-08  7.44937755e-02 
 2.17584000e-08  2.17584000e-08  7.64088195e-02 
 2.17984000e-08  2.17984000e-08  7.83188485e-02 
 2.18384000e-08  2.18384000e-08  8.02237789e-02 
 2.18784000e-08  2.18784000e-08  8.21235128e-02 
 2.19184000e-08  2.19184000e-08  8.40179352e-02 
 2.19584000e-08  2.19584000e-08  8.59069127e-02 
 2.19984000e-08  2.19984000e-08  8.77902904e-02 
 2.20384000e-08  2.20384000e-08  8.96678892e-02 
 2.20784000e-08  2.20784000e-08  9.15395018e-02 
 2.21184000e-08  2.21184000e-08  9.34048883e-02 
 2.21584000e-08  2.21584000e-08  9.52637705e-02 
 2.21984000e-08  2.21984000e-08  9.71158247e-02 
 2.22384000e-08  2.22384000e-08  9.89606731e-02 
 2.22784000e-08  2.22784000e-08  1.00797872e-01 
 2.23184000e-08  2.23184000e-08  1.02626898e-01 
 2.23584000e-08  2.23584000e-08  1.04447128e-01 
 2.23984000e-08  2.23984000e-08  1.06257816e-01 
 2.24384000e-08  2.24384000e-08  1.08058061e-01 
 2.24784000e-08  2.24784000e-08  1.09843947e-01 
 2.25184000e-08  2.25184000e-08  1.11617541e-01 
 2.25584000e-08  2.25584000e-08  1.13377433e-01 
 2.25984000e-08  2.25984000e-08  1.15121218e-01 
 2.26384000e-08  2.26384000e-08  1.16846188e-01 
 2.26784000e-08  2.26784000e-08  1.18549571e-01 
 2.27184000e-08  2.27184000e-08  1.20229098e-01 
 2.27584000e-08  2.27584000e-08  1.21884681e-01 
 2.27984000e-08  2.27984000e-08  1.23522854e-01 
 2.28384000e-08  2.28384000e-08  1.25168268e-01 
 2.28784000e-08  2.28784000e-08  1.26896075e-01 
 2.29184000e-08  2.29184000e-08  1.28943879e-01 
 2.29584000e-08  2.29584000e-08  1.32263987e-01 
 2.29984000e-08  2.29984000e-08  1.45483053e-01 
 2.30384000e-08  2.30384000e-08  1.86812421e-01 
 2.30784000e-08  2.30784000e-08  2.27115177e-01 
 2.31184000e-08  2.31184000e-08  2.19972512e-01 
 2.31584000e-08  2.31584000e-08  1.20354227e-01 
 2.31984000e-08  2.31984000e-08  4.38426769e-02 
 2.32384000e-08  2.32384000e-08  1.65569194e-02 
 2.32784000e-08  2.32784000e-08  9.06218245e-03 
 2.33184000e-08  2.33184000e-08  8.15223598e-03 
 2.33584000e-08  2.33584000e-08  9.20174561e-03 
 2.33984000e-08  2.33984000e-08  1.09225701e-02 
 2.34384000e-08  2.34384000e-08  1.28874278e-02 
 2.34784000e-08  2.34784000e-08  1.49302028e-02 
 2.35184000e-08  2.35184000e-08  1.69919651e-02 
 2.35584000e-08  2.35584000e-08  1.90546448e-02 
 2.35984000e-08  2.35984000e-08  2.11131533e-02 
 2.36384000e-08  2.36384000e-08  2.31660419e-02 
 2.36784000e-08  2.36784000e-08  2.52129216e-02 
 2.37184000e-08  2.37184000e-08  2.72537636e-02 
 2.37584000e-08  2.37584000e-08  2.92886666e-02 
 2.37984000e-08  2.37984000e-08  3.13177668e-02 
 2.38384000e-08  2.38384000e-08  3.33412034e-02 
 2.38784000e-08  2.38784000e-08  3.53591074e-02 
 2.39184000e-08  2.39184000e-08  3.73715986e-02 
 2.39584000e-08  2.39584000e-08  3.93787853e-02 
 2.39984000e-08  2.39984000e-08  4.13807640e-02 
 2.40384000e-08  2.40384000e-08  4.33776207e-02 
 2.40784000e-08  2.40784000e-08  4.53694310e-02 
 2.41184000e-08  2.41184000e-08  4.73562608e-02 
 2.41584000e-08  2.41584000e-08  4.93381671e-02 
 2.41984000e-08  2.41984000e-08  5.13151984e-02 
 2.42384000e-08  2.42384000e-08  5.32873952e-02 
 2.42784000e-08  2.42784000e-08  5.52547902e-02 
 2.43184000e-08  2.43184000e-08  5.72174091e-02 
 2.43584000e-08  2.43584000e-08  5.91752699e-02 
 2.43984000e-08  2.43984000e-08  6.11283839e-02 
 2.44384000e-08  2.44384000e-08  6.30767547e-02 
 2.44784000e-08  2.44784000e-08  6.50203788e-02 
 2.45184000e-08  2.45184000e-08  6.69592447e-02 
 2.45584000e-08  2.45584000e-08  6.88933328e-02 
 2.45984000e-08  2.45984000e-08  7.08226146e-02 
 2.46384000e-08  2.46384000e-08  7.27470524e-02 
 2.46784000e-08  2.46784000e-08  7.46665984e-02 
 2.47184000e-08  2.47184000e-08  7.65811934e-02 
 2.47584000e-08  2.47584000e-08  7.84907664e-02 
 2.47984000e-08  2.47984000e-08  8.03952328e-02 
 2.48384000e-08  2.48384000e-08  8.22944928e-02 
 2.48784000e-08  2.48784000e-08  8.41884302e-02 
 2.49184000e-08  2.49184000e-08  8.60769096e-02 
 2.49584000e-08  2.49584000e-08  8.79597742e-02 
 2.49984000e-08  2.49984000e-08  8.98368423e-02 
 2.50384000e-08  2.50384000e-08  9.17079040e-02 
 2.50784000e-08  2.50784000e-08  9.35727163e-02 
 2.51184000e-08  2.51184000e-08  9.54309971e-02 
 2.51584000e-08  2.51584000e-08  9.72824182e-02 
 2.51984000e-08  2.51984000e-08  9.91265963e-02 
 2.52384000e-08  2.52384000e-08  1.00963081e-01 
 2.52784000e-08  2.52784000e-08  1.02791341e-01 
 2.53184000e-08  2.53184000e-08  1.04610744e-01 
 2.53584000e-08  2.53584000e-08  1.06420530e-01 
 2.53984000e-08  2.53984000e-08  1.08219784e-01 
 2.54384000e-08  2.54384000e-08  1.10004529e-01 
 2.54784000e-08  2.54784000e-08  1.11776848e-01 
 2.55184000e-08  2.55184000e-08  1.13535305e-01 
 2.55584000e-08  2.55584000e-08  1.15277461e-01 
 2.55984000e-08  2.55984000e-08  1.17000577e-01 
 2.56384000e-08  2.56384000e-08  1.18701879e-01 
 2.56784000e-08  2.56784000e-08  1.20379195e-01 
 2.57184000e-08  2.57184000e-08  1.22032785e-01 
 2.57584000e-08  2.57584000e-08  1.23670179e-01 
 2.57984000e-08  2.57984000e-08  1.25318729e-01 
 2.58384000e-08  2.58384000e-08  1.27061442e-01 
 2.58784000e-08  2.58784000e-08  1.29163980e-01 
 2.59184000e-08  2.59184000e-08  1.32730199e-01 
 2.59584000e-08  2.59584000e-08  1.49828247e-01 
 2.59984000e-08  2.59984000e-08  1.92955062e-01 
 2.60384000e-08  2.60384000e-08  2.30089650e-01 
 2.60784000e-08  2.60784000e-08  2.12553437e-01 
 2.61184000e-08  2.61184000e-08  1.01600393e-01 
 2.61584000e-08  2.61584000e-08  4.51794928e-02 
 2.61984000e-08  2.61984000e-08  2.52322536e-02 
 2.62384000e-08  2.62384000e-08  2.02203925e-02 
 2.62784000e-08  2.62784000e-08  2.00676348e-02 
 2.63184000e-08  2.63184000e-08  2.13331819e-02 
 2.63584000e-08  2.63584000e-08  2.30997233e-02 
 2.63984000e-08  2.63984000e-08  2.50535705e-02 
 2.64384000e-08  2.64384000e-08  2.70668339e-02 
 2.64784000e-08  2.64784000e-08  2.90937048e-02 
 2.65184000e-08  2.65184000e-08  3.11204551e-02 
 2.65584000e-08  2.65584000e-08  3.31433798e-02 
 2.65984000e-08  2.65984000e-08  3.51614397e-02 
 2.66384000e-08  2.66384000e-08  3.71743284e-02 
 2.66784000e-08  2.66784000e-08  3.91819903e-02 
 2.67184000e-08  2.67184000e-08  4.11844635e-02 
 2.67584000e-08  2.67584000e-08  4.31818154e-02 
 2.67984000e-08  2.67984000e-08  4.51741166e-02 
 2.68384000e-08  2.68384000e-08  4.71614322e-02 
 2.68784000e-08  2.68784000e-08  4.91438195e-02 
 2.69184000e-08  2.69184000e-08  5.11213274e-02 
 2.69584000e-08  2.69584000e-08  5.30939971e-02 
 2.69984000e-08  2.69984000e-08  5.50618623e-02 
 2.70384000e-08  2.70384000e-08  5.70249491e-02 
 2.70784000e-08  2.70784000e-08  5.89832764e-02 
 2.71184000e-08  2.71184000e-08  6.09368561e-02 
 2.71584000e-08  2.71584000e-08  6.28856926e-02 
 2.71984000e-08  2.71984000e-08  6.48297831e-02 
 2.72384000e-08  2.72384000e-08  6.67691169e-02 
 2.72784000e-08  2.72784000e-08  6.87036751e-02 
 2.73184000e-08  2.73184000e-08  7.06334302e-02 
 2.73584000e-08  2.73584000e-08  7.25583455e-02 
 2.73984000e-08  2.73984000e-08  7.44783741e-02 
 2.74384000e-08  2.74384000e-08  7.63934582e-02 
 2.74784000e-08  2.74784000e-08  7.83035277e-02 
 2.75184000e-08  2.75184000e-08  8.02084995e-02 
 2.75584000e-08  2.75584000e-08  8.21082755e-02 
 2.75984000e-08  2.75984000e-08  8.40027411e-02 
 2.76384000e-08  2.76384000e-08  8.58917629e-02 
 2.76784000e-08  2.76784000e-08  8.77751863e-02 
 2.77184000e-08  2.77184000e-08  8.96528322e-02 
 2.77584000e-08  2.77584000e-08  9.15244938e-02 
 2.77984000e-08  2.77984000e-08  9.33899314e-02 
 2.78384000e-08  2.78384000e-08  9.52488671e-02 
 2.78784000e-08  2.78784000e-08  9.71009776e-02 
 2.79184000e-08  2.79184000e-08  9.89458855e-02 
 2.79584000e-08  2.79584000e-08  1.00783148e-01 
 2.79984000e-08  2.79984000e-08  1.02612242e-01 
 2.80384000e-08  2.80384000e-08  1.04432545e-01 
 2.80784000e-08  2.80784000e-08  1.06243313e-01 
 2.81184000e-08  2.81184000e-08  1.08043647e-01 
 2.81584000e-08  2.81584000e-08  1.09829633e-01 
 2.81984000e-08  2.81984000e-08  1.11603341e-01 
 2.82384000e-08  2.82384000e-08  1.13363359e-01 
 2.82784000e-08  2.82784000e-08  1.15107289e-01 
 2.83184000e-08  2.83184000e-08  1.16832423e-01 
 2.83584000e-08  2.83584000e-08  1.18535990e-01 
 2.83984000e-08  2.83984000e-08  1.20215713e-01 
 2.84384000e-08  2.84384000e-08  1.21871477e-01 
 2.84784000e-08  2.84784000e-08  1.23509728e-01 
 2.85184000e-08  2.85184000e-08  1.25154891e-01 
 2.85584000e-08  2.85584000e-08  1.26881454e-01 
 2.85984000e-08  2.85984000e-08  1.28924693e-01 
 2.86384000e-08  2.86384000e-08  1.32224697e-01 
 2.86784000e-08  2.86784000e-08  1.45168535e-01 
 2.87184000e-08  2.87184000e-08  1.86340658e-01 
 2.87584000e-08  2.87584000e-08  2.26854124e-01 
 2.87984000e-08  2.87984000e-08  2.20466625e-01 
 2.88384000e-08  2.88384000e-08  1.21766376e-01 
 2.88784000e-08  2.88784000e-08  4.39187093e-02 
 2.89184000e-08  2.89184000e-08  1.61602681e-02 
 2.89584000e-08  2.89584000e-08  8.50525153e-03 
 2.89984000e-08  2.89984000e-08  7.54538809e-03 
 2.90384000e-08  2.90384000e-08  8.58033555e-03 
 2.90784000e-08  2.90784000e-08  1.02977908e-02 
 2.91184000e-08  2.91184000e-08  1.22630112e-02 
 2.91584000e-08  2.91584000e-08  1.43073698e-02 
 2.91984000e-08  2.91984000e-08  1.63710718e-02 
 2.92384000e-08  2.92384000e-08  1.84357591e-02 
 2.92784000e-08  2.92784000e-08  2.04962520e-02 
 2.93184000e-08  2.93184000e-08  2.25510749e-02 
 2.93584000e-08  2.93584000e-08  2.45998333e-02 
 2.93984000e-08  2.93984000e-08  2.66424998e-02 
 2.94384000e-08  2.94384000e-08  2.86791765e-02 
 2.94784000e-08  2.94784000e-08  3.07100039e-02 
 2.95184000e-08  2.95184000e-08  3.27351250e-02 
 2.95584000e-08  2.95584000e-08  3.47546749e-02 
 2.95984000e-08  2.95984000e-08  3.67687772e-02 
 2.96384000e-08  2.96384000e-08  3.87775436e-02 
 2.96784000e-08  2.96784000e-08  4.07810743e-02 
 2.97184000e-08  2.97184000e-08  4.27794583e-02 
 2.97584000e-08  2.97584000e-08  4.47727742e-02 
 2.97984000e-08  2.97984000e-08  4.67610909e-02 
 2.98384000e-08  2.98384000e-08  4.87444679e-02 
 2.98784000e-08  2.98784000e-08  5.07229563e-02 
 2.99184000e-08  2.99184000e-08  5.26965987e-02 
 2.99584000e-08  2.99584000e-08  5.46654304e-02 
 2.99984000e-08  2.99984000e-08  5.66294790e-02 
 3.00000000e-08  3.00000000e-08  5.67079194e-02 
