 time            time            v(net4)        
 4.00000000e-13  4.00000000e-13  1.86516053e-03 
 8.00000000e-13  8.00000000e-13  2.50103661e-03 
 1.60000000e-12  1.60000000e-12  3.66497534e-03 
 3.20000000e-12  3.20000000e-12  5.56732513e-03 
 6.40000000e-12  6.40000000e-12  8.16741615e-03 
 1.28000000e-11  1.28000000e-11  9.50571223e-03 
 2.56000000e-11  2.56000000e-11  5.38855517e-03 
 4.00000000e-11  4.00000000e-11  1.37869807e-03 
 4.25600000e-11  4.25600000e-11  9.32518542e-04 
 4.76800000e-11  4.76800000e-11  3.71165191e-04 
 5.79200000e-11  5.79200000e-11 -2.55185422e-05 
 7.84000000e-11  7.84000000e-11 -9.50717406e-05 
 1.18400000e-10  1.18400000e-10 -2.11083720e-05 
 1.58400000e-10  1.58400000e-10  7.48626106e-06 
 1.98400000e-10  1.98400000e-10  1.04256210e-05 
 2.38400000e-10  2.38400000e-10  9.59506589e-06 
 2.78400000e-10  2.78400000e-10  9.18916216e-06 
 3.18400000e-10  3.18400000e-10  9.08728725e-06 
 3.58400000e-10  3.58400000e-10  9.04285043e-06 
 3.98400000e-10  3.98400000e-10  8.99723533e-06 
 4.38400000e-10  4.38400000e-10  8.94612225e-06 
 4.78400000e-10  4.78400000e-10  8.89074986e-06 
 5.18400000e-10  5.18400000e-10  8.83143361e-06 
 5.58400000e-10  5.58400000e-10  8.76791085e-06 
 5.98400000e-10  5.98400000e-10  8.69971395e-06 
 6.38400000e-10  6.38400000e-10  8.62628697e-06 
 6.78400000e-10  6.78400000e-10  8.54701149e-06 
 7.18400000e-10  7.18400000e-10  8.46120387e-06 
 7.58400000e-10  7.58400000e-10  8.36810466e-06 
 7.98400000e-10  7.98400000e-10  8.26686647e-06 
 8.38400000e-10  8.38400000e-10  8.15654091e-06 
 8.78400000e-10  8.78400000e-10  8.03606388e-06 
 9.18400000e-10  9.18400000e-10  7.90423862e-06 
 9.58400000e-10  9.58400000e-10  7.75971572e-06 
 9.98400000e-10  9.98400000e-10  7.60096964e-06 
 1.03840000e-09  1.03840000e-09  7.42627089e-06 
 1.07840000e-09  1.07840000e-09  7.23365270e-06 
 1.11840000e-09  1.11840000e-09  7.02087113e-06 
 1.15840000e-09  1.15840000e-09  6.78535661e-06 
 1.19840000e-09  1.19840000e-09  6.52415502e-06 
 1.23840000e-09  1.23840000e-09  6.23385513e-06 
 1.27840000e-09  1.27840000e-09  5.91049881e-06 
 1.31840000e-09  1.31840000e-09  5.54946868e-06 
 1.35840000e-09  1.35840000e-09  5.14534655e-06 
 1.39840000e-09  1.39840000e-09  4.69173300e-06 
 1.43840000e-09  1.43840000e-09  4.18101542e-06 
 1.47840000e-09  1.47840000e-09  3.60406638e-06 
 1.51840000e-09  1.51840000e-09  2.94984724e-06 
 1.55840000e-09  1.55840000e-09  2.20488103e-06 
 1.59840000e-09  1.59840000e-09  1.35254325e-06 
 1.63840000e-09  1.63840000e-09  3.72095932e-07 
 1.67840000e-09  1.67840000e-09 -7.62644379e-07 
 1.71840000e-09  1.71840000e-09 -2.08516624e-06 
 1.75840000e-09  1.75840000e-09 -3.63889051e-06 
 1.79840000e-09  1.79840000e-09 -5.48092225e-06 
 1.83840000e-09  1.83840000e-09 -7.68745565e-06 
 1.87840000e-09  1.87840000e-09 -1.14081231e-05 
 1.91840000e-09  1.91840000e-09 -1.45351638e-05 
 1.95840000e-09  1.95840000e-09 -1.83756018e-05 
 1.99840000e-09  1.99840000e-09 -2.35193214e-05 
 2.03840000e-09  2.03840000e-09 -3.02814247e-05 
 2.07840000e-09  2.07840000e-09 -3.90789623e-05 
 2.11840000e-09  2.11840000e-09 -5.04228636e-05 
 2.15840000e-09  2.15840000e-09 -6.45969146e-05 
 2.19840000e-09  2.19840000e-09 -8.05158904e-05 
 2.23840000e-09  2.23840000e-09 -9.13841595e-05 
 2.27840000e-09  2.27840000e-09 -6.52614592e-05 
 2.31840000e-09  2.31840000e-09  1.68694629e-04 
 2.35840000e-09  2.35840000e-09  1.83737102e-03 
 2.39840000e-09  2.39840000e-09  2.51126056e-02 
 2.43840000e-09  2.43840000e-09  8.36814884e-02 
 2.47840000e-09  2.47840000e-09  1.51795109e-01 
 2.51840000e-09  2.51840000e-09  2.11050283e-01 
 2.55840000e-09  2.55840000e-09  2.41218862e-01 
 2.59840000e-09  2.59840000e-09  1.26693065e-01 
 2.63840000e-09  2.63840000e-09  1.63599041e-02 
 2.67840000e-09  2.67840000e-09 -3.22455629e-03 
 2.71840000e-09  2.71840000e-09 -1.60457222e-03 
 2.75840000e-09  2.75840000e-09 -1.85938892e-04 
 2.79840000e-09  2.79840000e-09  5.17370465e-05 
 2.83840000e-09  2.83840000e-09  3.06278295e-05 
 2.87840000e-09  2.87840000e-09  1.22485169e-05 
 2.91840000e-09  2.91840000e-09  8.73829246e-06 
 2.95840000e-09  2.95840000e-09  8.78663190e-06 
 2.99840000e-09  2.99840000e-09  8.95178975e-06 
 3.03840000e-09  3.03840000e-09  8.95730257e-06 
 3.07840000e-09  3.07840000e-09  8.90879350e-06 
 3.11840000e-09  3.11840000e-09  8.84937067e-06 
 3.15840000e-09  3.15840000e-09  8.78620898e-06 
 3.19840000e-09  3.19840000e-09  8.71908311e-06 
 3.23840000e-09  3.23840000e-09  8.64710988e-06 
 3.27840000e-09  3.27840000e-09  8.56951913e-06 
 3.31840000e-09  3.31840000e-09  8.48559526e-06 
 3.35840000e-09  3.35840000e-09  8.39459348e-06 
 3.39840000e-09  3.39840000e-09  8.29569397e-06 
 3.43840000e-09  3.43840000e-09  8.18797934e-06 
 3.47840000e-09  3.47840000e-09  8.07041964e-06 
 3.51840000e-09  3.51840000e-09  7.94185664e-06 
 3.55840000e-09  3.55840000e-09  7.80098526e-06 
 3.59840000e-09  3.59840000e-09  7.64633116e-06 
 3.63840000e-09  3.63840000e-09  7.47622426e-06 
 3.67840000e-09  3.67840000e-09  7.28876700e-06 
 3.71840000e-09  3.71840000e-09  7.08179642e-06 
 3.75840000e-09  3.75840000e-09  6.85283831e-06 
 3.79840000e-09  3.79840000e-09  6.59905135e-06 
 3.83840000e-09  3.83840000e-09  6.31715875e-06 
 3.87840000e-09  3.87840000e-09  6.00336356e-06 
 3.91840000e-09  3.91840000e-09  5.65324326e-06 
 3.95840000e-09  3.95840000e-09  5.26161701e-06 
 3.99840000e-09  3.99840000e-09  4.82237711e-06 
 4.03840000e-09  4.03840000e-09  4.32827282e-06 
 4.07840000e-09  4.07840000e-09  3.77063015e-06 
 4.11840000e-09  4.11840000e-09  3.13898465e-06 
 4.15840000e-09  4.15840000e-09  2.42059480e-06 
 4.19840000e-09  4.19840000e-09  1.59978940e-06 
 4.23840000e-09  4.23840000e-09  6.57081735e-07 
 4.27840000e-09  4.27840000e-09 -4.32047824e-07 
 4.31840000e-09  4.31840000e-09 -1.69884565e-06 
 4.35840000e-09  4.35840000e-09 -3.18367017e-06 
 4.39840000e-09  4.39840000e-09 -4.93938880e-06 
 4.43840000e-09  4.43840000e-09 -7.03626111e-06 
 4.47840000e-09  4.47840000e-09 -1.05675481e-05 
 4.51840000e-09  4.51840000e-09 -1.35043128e-05 
 4.55840000e-09  4.55840000e-09 -1.71027050e-05 
 4.59840000e-09  4.59840000e-09 -2.19133819e-05 
 4.63840000e-09  4.63840000e-09 -2.82208732e-05 
 4.67840000e-09  4.67840000e-09 -3.64155302e-05 
 4.71840000e-09  4.71840000e-09 -4.70104468e-05 
 4.75840000e-09  4.75840000e-09 -6.04173352e-05 
 4.79840000e-09  4.79840000e-09 -7.61461671e-05 
 4.83840000e-09  4.83840000e-09 -8.98434020e-05 
 4.87840000e-09  4.87840000e-09 -8.07081198e-05 
 4.91840000e-09  4.91840000e-09  5.65783715e-05 
 4.95840000e-09  4.95840000e-09  1.00452554e-03 
 4.99840000e-09  4.99840000e-09  1.03124083e-02 
 5.03840000e-09  5.03840000e-09  5.85905956e-02 
 5.07840000e-09  5.07840000e-09  1.26044445e-01 
 5.11840000e-09  5.11840000e-09  1.90309976e-01 
 5.15840000e-09  5.15840000e-09  2.38197142e-01 
 5.19840000e-09  5.19840000e-09  2.20219073e-01 
 5.23840000e-09  5.23840000e-09  4.94572045e-02 
 5.27840000e-09  5.27840000e-09 -1.15025042e-03 
 5.31840000e-09  5.31840000e-09 -2.91055021e-03 
 5.35840000e-09  5.35840000e-09 -5.89693717e-04 
 5.39840000e-09  5.39840000e-09  3.30201568e-05 
 5.43840000e-09  5.43840000e-09  4.90063334e-05 
 5.47840000e-09  5.47840000e-09  1.78905436e-05 
 5.51840000e-09  5.51840000e-09  9.38215016e-06 
 5.55840000e-09  5.55840000e-09  8.97920335e-06 
 5.59840000e-09  5.59840000e-09  9.32856484e-06 
 5.63840000e-09  5.63840000e-09  9.41686364e-06 
 5.67840000e-09  5.67840000e-09  9.39353600e-06 
 5.71840000e-09  5.71840000e-09  9.35379712e-06 
 5.75840000e-09  5.75840000e-09  9.31513176e-06 
 5.79840000e-09  5.79840000e-09  9.27702251e-06 
 5.83840000e-09  5.83840000e-09  9.23814850e-06 
 5.87840000e-09  5.87840000e-09  9.19794648e-06 
 5.91840000e-09  5.91840000e-09  9.15612749e-06 
 5.95840000e-09  5.95840000e-09  9.11243535e-06 
 5.99840000e-09  5.99840000e-09  9.06659189e-06 
 6.03840000e-09  6.03840000e-09  9.01829081e-06 
 6.07840000e-09  6.07840000e-09  8.96719710e-06 
 6.11840000e-09  6.11840000e-09  8.91294499e-06 
 6.15840000e-09  6.15840000e-09  8.85513433e-06 
 6.19840000e-09  6.19840000e-09  8.79332617e-06 
 6.23840000e-09  6.23840000e-09  8.72703762e-06 
 6.27840000e-09  6.27840000e-09  8.65573591e-06 
 6.31840000e-09  6.31840000e-09  8.57883163e-06 
 6.35840000e-09  6.35840000e-09  8.49567083e-06 
 6.39840000e-09  6.39840000e-09  8.40552604e-06 
 6.43840000e-09  6.43840000e-09  8.30758590e-06 
 6.47840000e-09  6.47840000e-09  8.20094318e-06 
 6.51840000e-09  6.51840000e-09  8.08458100e-06 
 6.55840000e-09  6.55840000e-09  7.95735681e-06 
 6.59840000e-09  6.59840000e-09  7.81798362e-06 
 6.63840000e-09  6.63840000e-09  7.66500802e-06 
 6.67840000e-09  6.67840000e-09  7.49678411e-06 
 6.71840000e-09  6.71840000e-09  7.31144250e-06 
 6.75840000e-09  6.75840000e-09  7.10685319e-06 
 6.79840000e-09  6.79840000e-09  6.88058066e-06 
 6.83840000e-09  6.83840000e-09  6.62982936e-06 
 6.87840000e-09  6.87840000e-09  6.35137695e-06 
 6.91840000e-09  6.91840000e-09  6.04149170e-06 
 6.95840000e-09  6.95840000e-09  5.69582979e-06 
 6.99840000e-09  6.99840000e-09  5.30930609e-06 
 7.03840000e-09  7.03840000e-09  4.87593035e-06 
 7.07840000e-09  7.07840000e-09  4.38859721e-06 
 7.11840000e-09  7.11840000e-09  3.83881449e-06 
 7.15840000e-09  7.15840000e-09  3.21634749e-06 
 7.19840000e-09  7.19840000e-09  2.50874827e-06 
 7.23840000e-09  7.23840000e-09  1.70072529e-06 
 7.27840000e-09  7.27840000e-09  7.73288847e-07 
 7.31840000e-09  7.31840000e-09 -2.97421460e-07 
 7.35840000e-09  7.35840000e-09 -1.54176600e-06 
 7.39840000e-09  7.39840000e-09 -2.99889629e-06 
 7.43840000e-09  7.43840000e-09 -4.72001382e-06 
 7.47840000e-09  7.47840000e-09 -6.77305038e-06 
 7.51840000e-09  7.51840000e-09 -1.02287373e-05 
 7.55840000e-09  7.55840000e-09 -1.30900764e-05 
 7.59840000e-09  7.59840000e-09 -1.65927032e-05 
 7.63840000e-09  7.63840000e-09 -2.12716232e-05 
 7.67840000e-09  7.67840000e-09 -2.73989849e-05 
 7.71840000e-09  7.71840000e-09 -3.53533104e-05 
 7.75840000e-09  7.75840000e-09 -4.56442779e-05 
 7.79840000e-09  7.79840000e-09 -5.87205009e-05 
 7.83840000e-09  7.83840000e-09 -7.42797424e-05 
 7.87840000e-09  7.87840000e-09 -8.87384207e-05 
 7.91840000e-09  7.91840000e-09 -8.46919308e-05 
 7.95840000e-09  7.95840000e-09  2.43613154e-05 
 7.99840000e-09  7.99840000e-09  7.77622703e-04 
 8.03840000e-09  8.03840000e-09  7.53936321e-03 
 8.07840000e-09  8.07840000e-09  5.25104718e-02 
 8.11840000e-09  8.11840000e-09  1.19312083e-01 
 8.15840000e-09  8.15840000e-09  1.84588135e-01 
 8.19840000e-09  8.19840000e-09  2.34757237e-01 
 8.23840000e-09  8.23840000e-09  2.27690992e-01 
 8.27840000e-09  8.27840000e-09  5.45838090e-02 
 8.31840000e-09  8.31840000e-09 -4.45838068e-04 
 8.35840000e-09  8.35840000e-09 -3.03068927e-03 
 8.39840000e-09  8.39840000e-09 -6.55112397e-04 
 8.43840000e-09  8.43840000e-09  2.46893694e-05 
 8.47840000e-09  8.47840000e-09  5.07319496e-05 
 8.51840000e-09  8.51840000e-09  1.87897447e-05 
 8.55840000e-09  8.55840000e-09  9.52356345e-06 
 8.59840000e-09  8.59840000e-09  8.98481930e-06 
 8.63840000e-09  8.63840000e-09  9.34338801e-06 
 8.67840000e-09  8.67840000e-09  9.44166766e-06 
 8.71840000e-09  8.71840000e-09  9.42057359e-06 
 8.75840000e-09  8.75840000e-09  9.38119849e-06 
 8.79840000e-09  8.79840000e-09  9.34296811e-06 
 8.83840000e-09  8.83840000e-09  9.30553904e-06 
 8.87840000e-09  8.87840000e-09  9.26753573e-06 
 8.91840000e-09  8.91840000e-09  9.22837985e-06 
 8.95840000e-09  8.95840000e-09  9.18779159e-06 
 8.99840000e-09  8.99840000e-09  9.14552963e-06 
 9.03840000e-09  9.03840000e-09  9.10133238e-06 
 9.07840000e-09  9.07840000e-09  9.05491195e-06 
 9.11840000e-09  9.11840000e-09  9.00595402e-06 
 9.15840000e-09  9.15840000e-09  8.95411612e-06 
 9.19840000e-09  9.19840000e-09  8.89902438e-06 
 9.23840000e-09  9.23840000e-09  8.84026953e-06 
 9.27840000e-09  9.27840000e-09  8.77740232e-06 
 9.31840000e-09  9.31840000e-09  8.70992810e-06 
 9.35840000e-09  9.35840000e-09  8.63730082e-06 
 9.39840000e-09  9.39840000e-09  8.55891590e-06 
 9.43840000e-09  9.43840000e-09  8.47410212e-06 
 9.47840000e-09  9.47840000e-09  8.38211234e-06 
 9.51840000e-09  9.51840000e-09  8.28211272e-06 
 9.55840000e-09  9.55840000e-09  8.17317032e-06 
 9.59840000e-09  9.59840000e-09  8.05423884e-06 
 9.63840000e-09  9.63840000e-09  7.92414193e-06 
 9.67840000e-09  9.67840000e-09  7.78155372e-06 
 9.71840000e-09  9.71840000e-09  7.62497589e-06 
 9.75840000e-09  9.75840000e-09  7.45271048e-06 
 9.79840000e-09  9.79840000e-09  7.26282751e-06 
 9.83840000e-09  9.83840000e-09  7.05312606e-06 
 9.87840000e-09  9.87840000e-09  6.82108726e-06 
 9.91840000e-09  9.91840000e-09  6.56381700e-06 
 9.95840000e-09  9.95840000e-09  6.27797555e-06 
 9.99840000e-09  9.99840000e-09  5.95969060e-06 
 1.00384000e-08  1.00384000e-08  5.60444855e-06 
 1.00784000e-08  1.00784000e-08  5.20695768e-06 
 1.01184000e-08  1.01184000e-08  4.76097411e-06 
 1.01584000e-08  1.01584000e-08  4.25907830e-06 
 1.01984000e-08  1.01984000e-08  3.69238490e-06 
 1.02384000e-08  1.02384000e-08  3.05016203e-06 
 1.02784000e-08  1.02784000e-08  2.31932591e-06 
 1.03184000e-08  1.03184000e-08  1.48376215e-06 
 1.03584000e-08  1.03584000e-08  5.23402832e-07 
 1.03984000e-08  1.03984000e-08 -5.87043753e-07 
 1.04384000e-08  1.04384000e-08 -1.87986339e-06 
 1.04784000e-08  1.04784000e-08 -3.39683277e-06 
 1.05184000e-08  1.05184000e-08 -5.19277998e-06 
 1.05584000e-08  1.05584000e-08 -7.34070815e-06 
 1.05984000e-08  1.05984000e-08 -1.09601223e-05 
 1.06384000e-08  1.06384000e-08 -1.39851988e-05 
 1.06784000e-08  1.06784000e-08 -1.76958529e-05 
 1.07184000e-08  1.07184000e-08 -2.26609989e-05 
 1.07584000e-08  1.07584000e-08 -2.91794879e-05 
 1.07984000e-08  1.07984000e-08 -3.76546573e-05 
 1.08384000e-08  1.08384000e-08 -4.86006089e-05 
 1.08784000e-08  1.08784000e-08 -6.23761930e-05 
 1.09184000e-08  1.09184000e-08 -7.82380654e-05 
 1.09584000e-08  1.09584000e-08 -9.07950556e-05 
 1.09984000e-08  1.09984000e-08 -7.45788004e-05 
 1.10384000e-08  1.10384000e-08  1.02519999e-04 
 1.10784000e-08  1.10784000e-08  1.33767021e-03 
 1.11184000e-08  1.11184000e-08  1.54772046e-02 
 1.11584000e-08  1.11584000e-08  6.82102356e-02 
 1.11984000e-08  1.11984000e-08  1.36230030e-01 
 1.12384000e-08  1.12384000e-08  1.98719321e-01 
 1.12784000e-08  1.12784000e-08  2.41726016e-01 
 1.13184000e-08  1.13184000e-08  2.00593369e-01 
 1.13584000e-08  1.13584000e-08  4.01338232e-02 
 1.13984000e-08  1.13984000e-08 -2.08723049e-03 
 1.14384000e-08  1.14384000e-08 -2.61773327e-03 
 1.14784000e-08  1.14784000e-08 -4.73870865e-04 
 1.15184000e-08  1.15184000e-08  4.28691066e-05 
 1.15584000e-08  1.15584000e-08  4.47406585e-05 
 1.15984000e-08  1.15984000e-08  1.62719041e-05 
 1.16384000e-08  1.16384000e-08  9.14636644e-06 
 1.16784000e-08  1.16784000e-08  8.90936006e-06 
 1.17184000e-08  1.17184000e-08  9.21762258e-06 
 1.17584000e-08  1.17584000e-08  9.28545632e-06 
 1.17984000e-08  1.17984000e-08  9.25752182e-06 
 1.18384000e-08  1.18384000e-08  9.21491652e-06 
 1.18784000e-08  1.18784000e-08  9.17214200e-06 
 1.19184000e-08  1.19184000e-08  9.12881054e-06 
 1.19584000e-08  1.19584000e-08  9.08377154e-06 
 1.19984000e-08  1.19984000e-08  9.03643435e-06 
 1.20384000e-08  1.20384000e-08  8.98642310e-06 
 1.20784000e-08  1.20784000e-08  8.93338515e-06 
 1.21184000e-08  1.21184000e-08  8.87693851e-06 
 1.21584000e-08  1.21584000e-08  8.81666113e-06 
 1.21984000e-08  1.21984000e-08  8.75208737e-06 
 1.22384000e-08  1.22384000e-08  8.68270363e-06 
 1.22784000e-08  1.22784000e-08  8.60794220e-06 
 1.23184000e-08  1.23184000e-08  8.52717396e-06 
 1.23584000e-08  1.23584000e-08  8.43969974e-06 
 1.23984000e-08  1.23984000e-08  8.34474048e-06 
 1.24384000e-08  1.24384000e-08  8.24142588e-06 
 1.24784000e-08  1.24784000e-08  8.12878132e-06 
 1.25184000e-08  1.25184000e-08  8.00571270e-06 
 1.25584000e-08  1.25584000e-08  7.87098880e-06 
 1.25984000e-08  1.25984000e-08  7.72322050e-06 
 1.26384000e-08  1.26384000e-08  7.56083636e-06 
 1.26784000e-08  1.26784000e-08  7.38205354e-06 
 1.27184000e-08  1.27184000e-08  7.18484313e-06 
 1.27584000e-08  1.27584000e-08  6.96688827e-06 
 1.27984000e-08  1.27984000e-08  6.72553354e-06 
 1.28384000e-08  1.28384000e-08  6.45772299e-06 
 1.28784000e-08  1.28784000e-08  6.15992391e-06 
 1.29184000e-08  1.29184000e-08  5.82803215e-06 
 1.29584000e-08  1.29584000e-08  5.45725353e-06 
 1.29984000e-08  1.29984000e-08  5.04195400e-06 
 1.30384000e-08  1.30384000e-08  4.57546821e-06 
 1.30784000e-08  1.30784000e-08  4.04985285e-06 
 1.31184000e-08  1.31184000e-08  3.45556505e-06 
 1.31584000e-08  1.31584000e-08  2.78103848e-06 
 1.31984000e-08  1.31984000e-08  2.01211834e-06 
 1.32384000e-08  1.32384000e-08  1.13129869e-06 
 1.32784000e-08  1.32784000e-08  1.16680839e-07 
 1.33184000e-08  1.33184000e-08 -1.05946740e-06 
 1.33584000e-08  1.33584000e-08 -2.43272890e-06 
 1.33984000e-08  1.33984000e-08 -4.04939472e-06 
 1.34384000e-08  1.34384000e-08 -5.97055441e-06 
 1.34784000e-08  1.34784000e-08 -8.27799776e-06 
 1.35184000e-08  1.35184000e-08 -1.21732320e-05 
 1.35584000e-08  1.35584000e-08 -1.54772634e-05 
 1.35984000e-08  1.35984000e-08 -1.95433549e-05 
 1.36384000e-08  1.36384000e-08 -2.49974537e-05 
 1.36784000e-08  1.36784000e-08 -3.21819719e-05 
 1.37184000e-08  1.37184000e-08 -4.15340861e-05 
 1.37584000e-08  1.37584000e-08 -5.35470112e-05 
 1.37984000e-08  1.37984000e-08 -6.83344897e-05 
 1.38384000e-08  1.38384000e-08 -8.40744135e-05 
 1.38784000e-08  1.38784000e-08 -9.09116577e-05 
 1.39184000e-08  1.39184000e-08 -4.22573120e-05 
 1.39584000e-08  1.39584000e-08  3.26167025e-04 
 1.39984000e-08  1.39984000e-08  3.11811055e-03 
 1.40384000e-08  1.40384000e-08  3.76676070e-02 
 1.40784000e-08  1.40784000e-08  1.01322120e-01 
 1.41184000e-08  1.41184000e-08  1.68570381e-01 
 1.41584000e-08  1.41584000e-08  2.23658194e-01 
 1.41984000e-08  1.41984000e-08  2.38324554e-01 
 1.42384000e-08  1.42384000e-08  7.10081436e-02 
 1.42784000e-08  1.42784000e-08  2.63016741e-03 
 1.43184000e-08  1.43184000e-08 -3.23835793e-03 
 1.43584000e-08  1.43584000e-08 -8.70809342e-04 
 1.43984000e-08  1.43984000e-08 -1.42259642e-05 
 1.44384000e-08  1.44384000e-08  5.34994905e-05 
 1.44784000e-08  1.44784000e-08  2.16686552e-05 
 1.45184000e-08  1.45184000e-08  1.00501352e-05 
 1.45584000e-08  1.45584000e-08  8.90198444e-06 
 1.45984000e-08  1.45984000e-08  9.23398921e-06 
 1.46384000e-08  1.46384000e-08  9.36022686e-06 
 1.46784000e-08  1.46784000e-08  9.34821396e-06 
 1.47184000e-08  1.47184000e-08  9.30887775e-06 
 1.47584000e-08  1.47584000e-08  9.26872354e-06 
 1.47984000e-08  1.47984000e-08  9.22898960e-06 
 1.48384000e-08  1.48384000e-08  9.18835852e-06 
 1.48784000e-08  1.48784000e-08  9.14614178e-06 
 1.49184000e-08  1.49184000e-08  9.10198727e-06 
 1.49584000e-08  1.49584000e-08  9.05560479e-06 
 1.49984000e-08  1.49984000e-08  9.00668643e-06 
 1.50384000e-08  1.50384000e-08  8.95489282e-06 
 1.50784000e-08  1.50784000e-08  8.89985116e-06 
 1.51184000e-08  1.51184000e-08  8.84115270e-06 
 1.51584000e-08  1.51584000e-08  8.77834875e-06 
 1.51984000e-08  1.51984000e-08  8.71094535e-06 
 1.52384000e-08  1.52384000e-08  8.63839723e-06 
 1.52784000e-08  1.52784000e-08  8.56010071e-06 
 1.53184000e-08  1.53184000e-08  8.47538562e-06 
 1.53584000e-08  1.53584000e-08  8.38350601e-06 
 1.53984000e-08  1.53984000e-08  8.28362935e-06 
 1.54384000e-08  1.54384000e-08  8.17482427e-06 
 1.54784000e-08  1.54784000e-08  8.05604622e-06 
 1.55184000e-08  1.55184000e-08  7.92612087e-06 
 1.55584000e-08  1.55584000e-08  7.78372470e-06 
 1.55984000e-08  1.55984000e-08  7.62736205e-06 
 1.56384000e-08  1.56384000e-08  7.45533812e-06 
 1.56784000e-08  1.56784000e-08  7.26572653e-06 
 1.57184000e-08  1.57184000e-08  7.05633065e-06 
 1.57584000e-08  1.57584000e-08  6.82463660e-06 
 1.57984000e-08  1.57984000e-08  6.56775620e-06 
 1.58384000e-08  1.58384000e-08  6.28235679e-06 
 1.58784000e-08  1.58784000e-08  5.96457452e-06 
 1.59184000e-08  1.59184000e-08  5.60990603e-06 
 1.59584000e-08  1.59584000e-08  5.21307205e-06 
 1.59984000e-08  1.59984000e-08  4.76784404e-06 
 1.60384000e-08  1.60384000e-08  4.26682145e-06 
 1.60784000e-08  1.60784000e-08  3.70114272e-06 
 1.61184000e-08  1.61184000e-08  3.06010611e-06 
 1.61584000e-08  1.61584000e-08  2.33066645e-06 
 1.61984000e-08  1.61984000e-08  1.49675934e-06 
 1.62384000e-08  1.62384000e-08  5.38382499e-07 
 1.62784000e-08  1.62784000e-08 -5.69668529e-07 
 1.63184000e-08  1.63184000e-08 -1.85956198e-06 
 1.63584000e-08  1.63584000e-08 -3.37291401e-06 
 1.63984000e-08  1.63984000e-08 -5.16433063e-06 
 1.64384000e-08  1.64384000e-08 -7.30650403e-06 
 1.64784000e-08  1.64784000e-08 -1.09159810e-05 
 1.65184000e-08  1.65184000e-08 -1.39310789e-05 
 1.65584000e-08  1.65584000e-08 -1.76290413e-05 
 1.65984000e-08  1.65984000e-08 -2.25767237e-05 
 1.66384000e-08  1.66384000e-08 -2.90713696e-05 
 1.66784000e-08  1.66784000e-08 -3.75148986e-05 
 1.67184000e-08  1.67184000e-08 -4.84214677e-05 
 1.67584000e-08  1.67584000e-08 -6.21564469e-05 
 1.67984000e-08  1.67984000e-08 -7.80070253e-05 
 1.68384000e-08  1.68384000e-08 -9.07071692e-05 
 1.68784000e-08  1.68784000e-08 -7.53567123e-05 
 1.69184000e-08  1.69184000e-08  9.68382923e-05 
 1.69584000e-08  1.69584000e-08  1.29585429e-03 
 1.69984000e-08  1.69984000e-08  1.47447278e-02 
 1.70384000e-08  1.70384000e-08  6.69275552e-02 
 1.70784000e-08  1.70784000e-08  1.34898246e-01 
 1.71184000e-08  1.71184000e-08  1.97635713e-01 
 1.71584000e-08  1.71584000e-08  2.41440911e-01 
 1.71984000e-08  1.71984000e-08  2.04098250e-01 
 1.72384000e-08  1.72384000e-08  4.15703873e-02 
 1.72784000e-08  1.72784000e-08 -1.97024890e-03 
 1.73184000e-08  1.73184000e-08 -2.66874942e-03 
 1.73584000e-08  1.73584000e-08 -4.91465104e-04 
 1.73984000e-08  1.73984000e-08  4.17667101e-05 
 1.74384000e-08  1.74384000e-08  4.54846293e-05 
 1.74784000e-08  1.74784000e-08  1.65196990e-05 
 1.75184000e-08  1.75184000e-08  9.18096330e-06 
 1.75584000e-08  1.75584000e-08  8.92468563e-06 
 1.75984000e-08  1.75984000e-08  9.24127509e-06 
 1.76384000e-08  1.76384000e-08  9.31260556e-06 
 1.76784000e-08  1.76784000e-08  9.28559162e-06 
 1.77184000e-08  1.77184000e-08  9.24376770e-06 
 1.77584000e-08  1.77584000e-08  9.20206045e-06 
 1.77984000e-08  1.77984000e-08  9.16003161e-06 
 1.78384000e-08  1.78384000e-08  9.11650040e-06 
 1.78784000e-08  1.78784000e-08  9.07088618e-06 
 1.79184000e-08  1.79184000e-08  9.02283394e-06 
 1.79584000e-08  1.79584000e-08  8.97201364e-06 
 1.79984000e-08  1.79984000e-08  8.91806765e-06 
 1.80384000e-08  1.80384000e-08  8.86060114e-06 
 1.80784000e-08  1.80784000e-08  8.79917928e-06 
 1.81184000e-08  1.81184000e-08  8.73332342e-06 
 1.81584000e-08  1.81584000e-08  8.66250559e-06 
 1.81984000e-08  1.81984000e-08  8.58614185e-06 
 1.82384000e-08  1.82384000e-08  8.50358453e-06 
 1.82784000e-08  1.82784000e-08  8.41411335e-06 
 1.83184000e-08  1.83184000e-08  8.31692509e-06 
 1.83584000e-08  1.83584000e-08  8.21112189e-06 
 1.83984000e-08  1.83984000e-08  8.09569755e-06 
 1.84384000e-08  1.84384000e-08  7.96952181e-06 
 1.84784000e-08  1.84784000e-08  7.83132178e-06 
 1.85184000e-08  1.85184000e-08  7.67966037e-06 
 1.85584000e-08  1.85584000e-08  7.51291054e-06 
 1.85984000e-08  1.85984000e-08  7.32922489e-06 
 1.86384000e-08  1.86384000e-08  7.12649905e-06 
 1.86784000e-08  1.86784000e-08  6.90232767e-06 
 1.87184000e-08  1.87184000e-08  6.65395084e-06 
 1.87584000e-08  1.87584000e-08  6.37818855e-06 
 1.87984000e-08  1.87984000e-08  6.07135979e-06 
 1.88384000e-08  1.88384000e-08  5.72918186e-06 
 1.88784000e-08  1.88784000e-08  5.34664390e-06 
 1.89184000e-08  1.89184000e-08  4.91784671e-06 
 1.89584000e-08  1.89584000e-08  4.43579756e-06 
 1.89984000e-08  1.89984000e-08  3.89214493e-06 
 1.90384000e-08  1.90384000e-08  3.27683169e-06 
 1.90784000e-08  1.90784000e-08  2.57763655e-06 
 1.91184000e-08  1.91184000e-08  1.77956064e-06 
 1.91584000e-08  1.91584000e-08  8.63996977e-07 
 1.91984000e-08  1.91984000e-08 -1.92407965e-07 
 1.92384000e-08  1.92384000e-08 -1.41933424e-06 
 1.92784000e-08  1.92784000e-08 -2.85500791e-06 
 1.93184000e-08  1.93184000e-08 -4.54935482e-06 
 1.93584000e-08  1.93584000e-08 -6.56852637e-06 
 1.93984000e-08  1.93984000e-08 -9.96585122e-06 
 1.94384000e-08  1.94384000e-08 -1.27691793e-05 
 1.94784000e-08  1.94784000e-08 -1.61982287e-05 
 1.95184000e-08  1.95184000e-08 -2.07759361e-05 
 1.95584000e-08  1.95584000e-08 -2.67648506e-05 
 1.95984000e-08  1.95984000e-08 -3.45339731e-05 
 1.96384000e-08  1.96384000e-08 -4.45888598e-05 
 1.96784000e-08  1.96784000e-08 -5.74016779e-05 
 1.97184000e-08  1.97184000e-08 -7.27981194e-05 
 1.97584000e-08  1.97584000e-08 -8.77210569e-05 
 1.97984000e-08  1.97984000e-08 -8.70535929e-05 
 1.98384000e-08  1.98384000e-08  2.48284430e-06 
 1.98784000e-08  1.98784000e-08  6.31833953e-04 
 1.99184000e-08  1.99184000e-08  5.98084988e-03 
 1.99584000e-08  1.99584000e-08  4.84881130e-02 
 1.99984000e-08  1.99984000e-08  1.14688377e-01 
 2.00384000e-08  2.00384000e-08  1.80576300e-01 
 2.00784000e-08  2.00784000e-08  2.32118367e-01 
 2.01184000e-08  2.01184000e-08  2.31423178e-01 
 2.01584000e-08  2.01584000e-08  5.81162071e-02 
 2.01984000e-08  2.01984000e-08  1.23651911e-04 
 2.02384000e-08  2.02384000e-08 -3.09533991e-03 
 2.02784000e-08  2.02784000e-08 -7.00921850e-04 
 2.03184000e-08  2.03184000e-08  1.76695771e-05 
 2.03584000e-08  2.03584000e-08  5.16449273e-05 
 2.03984000e-08  2.03984000e-08  1.94129201e-05 
 2.04384000e-08  2.04384000e-08  9.62775965e-06 
 2.04784000e-08  2.04784000e-08  8.97659096e-06 
 2.05184000e-08  2.05184000e-08  9.33596321e-06 
 2.05584000e-08  2.05584000e-08  9.44088842e-06 
 2.05984000e-08  2.05984000e-08  9.42157219e-06 
 2.06384000e-08  2.06384000e-08  9.38232681e-06 
 2.06784000e-08  2.06784000e-08  9.34404456e-06 
 2.07184000e-08  2.07184000e-08  9.30661067e-06 
 2.07584000e-08  2.07584000e-08  9.26863270e-06 
 2.07984000e-08  2.07984000e-08  9.22951391e-06 
 2.08384000e-08  2.08384000e-08  9.18896982e-06 
 2.08784000e-08  2.08784000e-08  9.14675907e-06 
 2.09184000e-08  2.09184000e-08  9.10262082e-06 
 2.09584000e-08  2.09584000e-08  9.05626794e-06 
 2.09984000e-08  2.09984000e-08  9.00738690e-06 
 2.10384000e-08  2.10384000e-08  8.95563606e-06 
 2.10784000e-08  2.10784000e-08  8.90064250e-06 
 2.11184000e-08  2.11184000e-08  8.84199803e-06 
 2.11584000e-08  2.11584000e-08  8.77925458e-06 
 2.11984000e-08  2.11984000e-08  8.71191891e-06 
 2.12384000e-08  2.12384000e-08  8.63944650e-06 
 2.12784000e-08  2.12784000e-08  8.56123455e-06 
 2.13184000e-08  2.13184000e-08  8.47661388e-06 
 2.13584000e-08  2.13584000e-08  8.38483963e-06 
 2.13984000e-08  2.13984000e-08  8.28508060e-06 
 2.14384000e-08  2.14384000e-08  8.17640687e-06 
 2.14784000e-08  2.14784000e-08  8.05777558e-06 
 2.15184000e-08  2.15184000e-08  7.92801434e-06 
 2.15584000e-08  2.15584000e-08  7.78580185e-06 
 2.15984000e-08  2.15984000e-08  7.62964503e-06 
 2.16384000e-08  2.16384000e-08  7.45785206e-06 
 2.16784000e-08  2.16784000e-08  7.26850004e-06 
 2.17184000e-08  2.17184000e-08  7.05939641e-06 
 2.17584000e-08  2.17584000e-08  6.82803209e-06 
 2.17984000e-08  2.17984000e-08  6.57152453e-06 
 2.18384000e-08  2.18384000e-08  6.28654786e-06 
 2.18784000e-08  2.18784000e-08  5.96924629e-06 
 2.19184000e-08  2.19184000e-08  5.61512625e-06 
 2.19584000e-08  2.19584000e-08  5.21892039e-06 
 2.19984000e-08  2.19984000e-08  4.77441478e-06 
 2.20384000e-08  2.20384000e-08  4.27422703e-06 
 2.20784000e-08  2.20784000e-08  3.70951830e-06 
 2.21184000e-08  2.21184000e-08  3.06961562e-06 
 2.21584000e-08  2.21584000e-08  2.34151067e-06 
 2.21984000e-08  2.21984000e-08  1.50918678e-06 
 2.22384000e-08  2.22384000e-08  5.52704292e-07 
 2.22784000e-08  2.22784000e-08 -5.53058000e-07 
 2.23184000e-08  2.23184000e-08 -1.84015619e-06 
 2.23584000e-08  2.23584000e-08 -3.35005336e-06 
 2.23984000e-08  2.23984000e-08 -5.13714373e-06 
 2.24384000e-08  2.24384000e-08 -7.27382302e-06 
 2.24784000e-08  2.24784000e-08 -1.08738138e-05 
 2.25184000e-08  2.25184000e-08 -1.38793910e-05 
 2.25584000e-08  2.25584000e-08 -1.75652455e-05 
 2.25984000e-08  2.25984000e-08 -2.24962677e-05 
 2.26384000e-08  2.26384000e-08 -2.89681644e-05 
 2.26784000e-08  2.26784000e-08 -3.73814904e-05 
 2.27184000e-08  2.27184000e-08 -4.82504147e-05 
 2.27584000e-08  2.27584000e-08 -6.19463951e-05 
 2.27984000e-08  2.27984000e-08 -7.77852882e-05 
 2.28384000e-08  2.28384000e-08 -9.06185227e-05 
 2.28784000e-08  2.28784000e-08 -7.60779800e-05 
 2.29184000e-08  2.29184000e-08  9.15390358e-05 
 2.29584000e-08  2.29584000e-08  1.25700946e-03 
 2.29984000e-08  2.29984000e-08  1.40875126e-02 
 2.30384000e-08  2.30384000e-08  6.57579944e-02 
 2.30784000e-08  2.30784000e-08  1.33677444e-01 
 2.31184000e-08  2.31184000e-08  1.96638017e-01 
 2.31584000e-08  2.31584000e-08  2.41123131e-01 
 2.31984000e-08  2.31984000e-08  2.06991677e-01 
 2.32384000e-08  2.32384000e-08  4.28085790e-02 
 2.32784000e-08  2.32784000e-08 -1.86262095e-03 
 2.33184000e-08  2.33184000e-08 -2.71126932e-03 
 2.33584000e-08  2.33584000e-08 -5.06689728e-04 
 2.33984000e-08  2.33984000e-08  4.07191740e-05 
 2.34384000e-08  2.34384000e-08  4.61063395e-05 
 2.34784000e-08  2.34784000e-08  1.67339047e-05 
 2.35184000e-08  2.35184000e-08  9.21142630e-06 
 2.35584000e-08  2.35584000e-08  8.93719721e-06 
 2.35984000e-08  2.35984000e-08  9.26052724e-06 
 2.36384000e-08  2.36384000e-08  9.33476027e-06 
 2.36784000e-08  2.36784000e-08  9.30845328e-06 
 2.37184000e-08  2.37184000e-08  9.26719194e-06 
 2.37584000e-08  2.37584000e-08  9.22627429e-06 
 2.37984000e-08  2.37984000e-08  9.18522301e-06 
 2.38384000e-08  2.38384000e-08  9.14283153e-06 
 2.38784000e-08  2.38784000e-08  9.09852637e-06 
 2.39184000e-08  2.39184000e-08  9.05196856e-06 
 2.39584000e-08  2.39584000e-08  9.00284545e-06 
 2.39984000e-08  2.39984000e-08  8.95081811e-06 
 2.40384000e-08  2.40384000e-08  8.89551256e-06 
 2.40784000e-08  2.40784000e-08  8.83651754e-06 
 2.41184000e-08  2.41184000e-08  8.77338108e-06 
 2.41584000e-08  2.41584000e-08  8.70560554e-06 
 2.41984000e-08  2.41984000e-08  8.63264143e-06 
 2.42384000e-08  2.42384000e-08  8.55388030e-06 
 2.42784000e-08  2.42784000e-08  8.46864657e-06 
 2.43184000e-08  2.43184000e-08  8.37618805e-06 
 2.43584000e-08  2.43584000e-08  8.27566517e-06 
 2.43984000e-08  2.43984000e-08  8.16613845e-06 
 2.44384000e-08  2.44384000e-08  8.04655407e-06 
 2.44784000e-08  2.44784000e-08  7.91572706e-06 
 2.45184000e-08  2.45184000e-08  7.77232163e-06 
 2.45584000e-08  2.45584000e-08  7.61482797e-06 
 2.45984000e-08  2.45984000e-08  7.44153482e-06 
 2.46384000e-08  2.46384000e-08  7.25049669e-06 
 2.46784000e-08  2.46784000e-08  7.03949453e-06 
 2.47184000e-08  2.47184000e-08  6.80598810e-06 
 2.47584000e-08  2.47584000e-08  6.54705799e-06 
 2.47984000e-08  2.47984000e-08  6.25933438e-06 
 2.48384000e-08  2.48384000e-08  5.93890879e-06 
 2.48784000e-08  2.48784000e-08  5.58122394e-06 
 2.49184000e-08  2.49184000e-08  5.18093489e-06 
 2.49584000e-08  2.49584000e-08  4.73173233e-06 
 2.49984000e-08  2.49984000e-08  4.22611554e-06 
 2.50384000e-08  2.50384000e-08  3.65509741e-06 
 2.50784000e-08  2.50784000e-08  3.00781718e-06 
 2.51184000e-08  2.51184000e-08  2.27102598e-06 
 2.51584000e-08  2.51584000e-08  1.42839532e-06 
 2.51984000e-08  2.51984000e-08  4.59576225e-07 
 2.52384000e-08  2.52384000e-08 -6.61096871e-07 
 2.52784000e-08  2.52784000e-08 -1.96641371e-06 
 2.53184000e-08  2.53184000e-08 -3.49883948e-06 
 2.53584000e-08  2.53584000e-08 -5.31415528e-06 
 2.53984000e-08  2.53984000e-08 -7.48669918e-06 
 2.54384000e-08  2.54384000e-08 -1.11486303e-05 
 2.54784000e-08  2.54784000e-08 -1.42164583e-05 
 2.55184000e-08  2.55184000e-08 -1.79815073e-05 
 2.55584000e-08  2.55584000e-08 -2.30214993e-05 
 2.55984000e-08  2.55984000e-08 -2.96421395e-05 
 2.56384000e-08  2.56384000e-08 -3.82526895e-05 
 2.56784000e-08  2.56784000e-08 -4.93665080e-05 
 2.57184000e-08  2.57184000e-08 -6.33128743e-05 
 2.57584000e-08  2.57584000e-08 -7.92118527e-05 
 2.57984000e-08  2.57984000e-08 -9.11119762e-05 
 2.58384000e-08  2.58384000e-08 -7.09835460e-05 
 2.58784000e-08  2.58784000e-08  1.28403251e-04 
 2.59184000e-08  2.59184000e-08  1.53035217e-03 
 2.59584000e-08  2.59584000e-08  1.91507162e-02 
 2.59984000e-08  2.59984000e-08  7.43744454e-02 
 2.60384000e-08  2.60384000e-08  1.42535847e-01 
 2.60784000e-08  2.60784000e-08  2.03788004e-01 
 2.61184000e-08  2.61184000e-08  2.42149248e-01 
 2.61584000e-08  2.61584000e-08  1.78171048e-01 
 2.61984000e-08  2.61984000e-08  3.19837116e-02 
 2.62384000e-08  2.62384000e-08 -2.61908048e-03 
 2.62784000e-08  2.62784000e-08 -2.30007893e-03 
 2.63184000e-08  2.63184000e-08 -3.75116058e-04 
 2.63584000e-08  2.63584000e-08  4.72784844e-05 
 2.63984000e-08  2.63984000e-08  4.01425700e-05 
 2.64384000e-08  2.64384000e-08  1.48691083e-05 
 2.64784000e-08  2.64784000e-08  8.95389996e-06 
 2.65184000e-08  2.65184000e-08  8.80042322e-06 
 2.65584000e-08  2.65584000e-08  9.05191757e-06 
 2.65984000e-08  2.65984000e-08  9.09636633e-06 
 2.66384000e-08  2.66384000e-08  9.06012328e-06 
 2.66784000e-08  2.66784000e-08  9.00945014e-06 
 2.67184000e-08  2.67184000e-08  8.95646592e-06 
 2.67584000e-08  2.67584000e-08  8.90113327e-06 
 2.67984000e-08  2.67984000e-08  8.84246396e-06 
 2.68384000e-08  2.68384000e-08  8.77976353e-06 
 2.68784000e-08  2.68784000e-08  8.71247598e-06 
 2.69184000e-08  2.69184000e-08  8.64005038e-06 
 2.69584000e-08  2.69584000e-08  8.56188758e-06 
 2.69984000e-08  2.69984000e-08  8.47732111e-06 
 2.70384000e-08  2.70384000e-08  8.38560741e-06 
 2.70784000e-08  2.70784000e-08  8.28591604e-06 
 2.71184000e-08  2.71184000e-08  8.17731790e-06 
 2.71584000e-08  2.71584000e-08  8.05877108e-06 
 2.71984000e-08  2.71984000e-08  7.92910428e-06 
 2.72384000e-08  2.72384000e-08  7.78699749e-06 
 2.72784000e-08  2.72784000e-08  7.63095913e-06 
 2.73184000e-08  2.73184000e-08  7.45929907e-06 
 2.73584000e-08  2.73584000e-08  7.27009643e-06 
 2.73984000e-08  2.73984000e-08  7.06116098e-06 
 2.74384000e-08  2.74384000e-08  6.82998639e-06 
 2.74784000e-08  2.74784000e-08  6.57369338e-06 
 2.75184000e-08  2.75184000e-08  6.28895995e-06 
 2.75584000e-08  2.75584000e-08  5.97193498e-06 
 2.75984000e-08  2.75984000e-08  5.61813050e-06 
 2.76384000e-08  2.76384000e-08  5.22228601e-06 
 2.76784000e-08  2.76784000e-08  4.77819601e-06 
 2.77184000e-08  2.77184000e-08  4.27848852e-06 
 2.77584000e-08  2.77584000e-08  3.71433778e-06 
 2.77984000e-08  2.77984000e-08  3.07508734e-06 
 2.78384000e-08  2.78384000e-08  2.34775006e-06 
 2.78784000e-08  2.78784000e-08  1.51633669e-06 
 2.79184000e-08  2.79184000e-08  5.60943539e-07 
 2.79584000e-08  2.79584000e-08 -5.43502769e-07 
 2.79984000e-08  2.79984000e-08 -1.82899394e-06 
 2.80384000e-08  2.80384000e-08 -3.33690513e-06 
 2.80784000e-08  2.80784000e-08 -5.12150901e-06 
 2.81184000e-08  2.81184000e-08 -7.25503110e-06 
 2.81584000e-08  2.81584000e-08 -1.08495711e-05 
 2.81984000e-08  2.81984000e-08 -1.38496796e-05 
 2.82384000e-08  2.82384000e-08 -1.75285803e-05 
 2.82784000e-08  2.82784000e-08 -2.24500340e-05 
 2.83184000e-08  2.83184000e-08 -2.89088640e-05 
 2.83584000e-08  2.83584000e-08 -3.73048359e-05 
 2.83984000e-08  2.83984000e-08 -4.81521072e-05 
 2.84384000e-08  2.84384000e-08 -6.18255749e-05 
 2.84784000e-08  2.84784000e-08 -7.76573581e-05 
 2.85184000e-08  2.85184000e-08 -9.05655102e-05 
 2.85584000e-08  2.85584000e-08 -7.64831252e-05 
 2.85984000e-08  2.85984000e-08  8.85481254e-05 
 2.86384000e-08  2.86384000e-08  1.23515204e-03 
 2.86784000e-08  2.86784000e-08  1.37274810e-02 
 2.87184000e-08  2.87184000e-08  6.51091605e-02 
 2.87584000e-08  2.87584000e-08  1.32997425e-01 
 2.87984000e-08  2.87984000e-08  1.96080723e-01 
 2.88384000e-08  2.88384000e-08  2.40924482e-01 
 2.88784000e-08  2.88784000e-08  2.08491102e-01 
 2.89184000e-08  2.89184000e-08  4.34726201e-02 
 2.89584000e-08  2.89584000e-08 -1.79916683e-03 
 2.89984000e-08  2.89984000e-08 -2.73284958e-03 
 2.90384000e-08  2.90384000e-08 -5.14903112e-04 
 2.90784000e-08  2.90784000e-08  4.00753388e-05 
 2.91184000e-08  2.91184000e-08  4.64228554e-05 
 2.91584000e-08  2.91584000e-08  1.68491749e-05 
 2.91984000e-08  2.91984000e-08  9.22831825e-06 
 2.92384000e-08  2.92384000e-08  8.94336036e-06 
 2.92784000e-08  2.92784000e-08  9.26996465e-06 
 2.93184000e-08  2.93184000e-08  9.34570114e-06 
 2.93584000e-08  2.93584000e-08  9.31974508e-06 
 2.93984000e-08  2.93984000e-08  9.27873828e-06 
 2.94384000e-08  2.94384000e-08  9.23818324e-06 
 2.94784000e-08  2.94784000e-08  9.19758638e-06 
 2.95184000e-08  2.95184000e-08  9.15572801e-06 
 2.95584000e-08  2.95584000e-08  9.11203767e-06 
 2.95984000e-08  2.95984000e-08  9.06618398e-06 
 2.96384000e-08  2.96384000e-08  9.01786252e-06 
 2.96784000e-08  2.96784000e-08  8.96674321e-06 
 2.97184000e-08  2.97184000e-08  8.91246196e-06 
 2.97584000e-08  2.97584000e-08  8.85461865e-06 
 2.97984000e-08  2.97984000e-08  8.79277394e-06 
 2.98384000e-08  2.98384000e-08  8.72644448e-06 
 2.98784000e-08  2.98784000e-08  8.65509703e-06 
 2.99184000e-08  2.99184000e-08  8.57814165e-06 
 2.99584000e-08  2.99584000e-08  8.49492380e-06 
 2.99984000e-08  2.99984000e-08  8.40471533e-06 
 3.00000000e-08  3.00000000e-08  8.36634597e-06 
