 time            time            v(net1)        
 4.00000000e-13  4.00000000e-13  6.58575014e-03 
 8.00000000e-13  8.00000000e-13  9.45194294e-03 
 1.60000000e-12  1.60000000e-12  1.43358603e-02 
 3.20000000e-12  3.20000000e-12  2.05484478e-02 
 6.40000000e-12  6.40000000e-12  2.10063352e-02 
 1.28000000e-11  1.28000000e-11  9.82686332e-03 
 2.56000000e-11  2.56000000e-11  2.29379761e-04 
 4.00000000e-11  4.00000000e-11 -8.51249397e-04 
 4.25600000e-11  4.25600000e-11 -5.02048613e-04 
 4.76800000e-11  4.76800000e-11 -1.57317328e-04 
 5.79200000e-11  5.79200000e-11  2.89209638e-05 
 7.84000000e-11  7.84000000e-11  5.81136159e-05 
 1.18400000e-10  1.18400000e-10  2.52413310e-05 
 1.58400000e-10  1.58400000e-10  9.63016514e-06 
 1.98400000e-10  1.98400000e-10  7.16933227e-06 
 2.38400000e-10  2.38400000e-10  7.43663240e-06 
 2.78400000e-10  2.78400000e-10  7.57364541e-06 
 3.18400000e-10  3.18400000e-10  7.47255317e-06 
 3.58400000e-10  3.58400000e-10  7.29618880e-06 
 3.98400000e-10  3.98400000e-10  7.09487407e-06 
 4.38400000e-10  4.38400000e-10  6.86857762e-06 
 4.78400000e-10  4.78400000e-10  6.61033185e-06 
 5.18400000e-10  5.18400000e-10  6.31412488e-06 
 5.58400000e-10  5.58400000e-10  5.97408054e-06 
 5.98400000e-10  5.98400000e-10  5.58357157e-06 
 6.38400000e-10  6.38400000e-10  5.13488852e-06 
 6.78400000e-10  6.78400000e-10  4.61904358e-06 
 7.18400000e-10  7.18400000e-10  4.02553256e-06 
 7.58400000e-10  7.58400000e-10  3.34201545e-06 
 7.98400000e-10  7.98400000e-10  2.55389185e-06 
 8.38400000e-10  8.38400000e-10  1.64372966e-06 
 8.78400000e-10  8.78400000e-10  5.90479311e-07 
 9.18400000e-10  9.18400000e-10 -6.31631913e-07 
 9.58400000e-10  9.58400000e-10 -2.05469085e-06 
 9.98400000e-10  9.98400000e-10 -3.71943691e-06 
 1.03840000e-09  1.03840000e-09 -5.67876935e-06 
 1.07840000e-09  1.07840000e-09 -8.00310589e-06 
 1.11840000e-09  1.11840000e-09 -1.07887021e-05 
 1.15840000e-09  1.15840000e-09 -1.41707141e-05 
 1.19840000e-09  1.19840000e-09 -1.83437188e-05 
 1.23840000e-09  1.23840000e-09 -2.35931405e-05 
 1.27840000e-09  1.27840000e-09 -3.03388082e-05 
 1.31840000e-09  1.31840000e-09 -3.91734883e-05 
 1.35840000e-09  1.35840000e-09 -5.07830324e-05 
 1.39840000e-09  1.39840000e-09 -6.51378925e-05 
 1.43840000e-09  1.43840000e-09 -7.60979226e-05 
 1.47840000e-09  1.47840000e-09 -9.75875459e-06 
 1.51840000e-09  1.51840000e-09  1.86841210e-01 
 1.55840000e-09  1.55840000e-09  2.30240858e-01 
 1.59840000e-09  1.59840000e-09  2.01692676e-02 
 1.63840000e-09  1.63840000e-09 -3.07348162e-03 
 1.67840000e-09  1.67840000e-09 -8.07039345e-04 
 1.71840000e-09  1.71840000e-09 -3.10868275e-05 
 1.75840000e-09  1.75840000e-09  2.28387402e-05 
 1.79840000e-09  1.79840000e-09  1.25537187e-05 
 1.83840000e-09  1.83840000e-09  8.59205252e-06 
 1.87840000e-09  1.87840000e-09  7.73637039e-06 
 1.91840000e-09  1.91840000e-09  7.58187653e-06 
 1.95840000e-09  1.95840000e-09  7.47951875e-06 
 1.99840000e-09  1.99840000e-09  7.32833134e-06 
 2.03840000e-09  2.03840000e-09  7.13882821e-06 
 2.07840000e-09  2.07840000e-09  6.91926773e-06 
 2.11840000e-09  2.11840000e-09  6.66803633e-06 
 2.15840000e-09  2.15840000e-09  6.38018387e-06 
 2.19840000e-09  2.19840000e-09  6.04989926e-06 
 2.23840000e-09  2.23840000e-09  5.67066051e-06 
 2.27840000e-09  2.27840000e-09  5.23497615e-06 
 2.31840000e-09  2.31840000e-09  4.73414438e-06 
 2.35840000e-09  2.35840000e-09  4.15800651e-06 
 2.39840000e-09  2.39840000e-09  3.49464240e-06 
 2.43840000e-09  2.43840000e-09  2.72997124e-06 
 2.47840000e-09  2.47840000e-09  1.84721626e-06 
 2.51840000e-09  2.51840000e-09  8.26171703e-07 
 2.55840000e-09  2.55840000e-09 -3.57823982e-07 
 2.59840000e-09  2.59840000e-09 -1.73535866e-06 
 2.63840000e-09  2.63840000e-09 -3.34509848e-06 
 2.67840000e-09  2.67840000e-09 -5.23700208e-06 
 2.71840000e-09  2.71840000e-09 -7.47721299e-06 
 2.75840000e-09  2.75840000e-09 -1.01556319e-05 
 2.79840000e-09  2.79840000e-09 -1.33977848e-05 
 2.83840000e-09  2.83840000e-09 -1.73834922e-05 
 2.87840000e-09  2.87840000e-09 -2.23757175e-05 
 2.91840000e-09  2.91840000e-09 -2.87618911e-05 
 2.95840000e-09  2.95840000e-09 -3.70974161e-05 
 2.99840000e-09  2.99840000e-09 -4.80726437e-05 
 3.03840000e-09  3.03840000e-09 -6.19768983e-05 
 3.07840000e-09  3.07840000e-09 -7.51268446e-05 
 3.11840000e-09  3.11840000e-09 -4.65964536e-05 
 3.15840000e-09  3.15840000e-09  1.85468030e-01 
 3.19840000e-09  3.19840000e-09  2.30755353e-01 
 3.23840000e-09  3.23840000e-09  2.02809690e-02 
 3.27840000e-09  3.27840000e-09 -3.07486573e-03 
 3.31840000e-09  3.31840000e-09 -8.09895325e-04 
 3.35840000e-09  3.35840000e-09 -3.13218137e-05 
 3.39840000e-09  3.39840000e-09  2.29154851e-05 
 3.43840000e-09  3.43840000e-09  1.25871466e-05 
 3.47840000e-09  3.47840000e-09  8.61153957e-06 
 3.51840000e-09  3.51840000e-09  7.76018024e-06 
 3.55840000e-09  3.55840000e-09  7.61076844e-06 
 3.59840000e-09  3.59840000e-09  7.51275681e-06 
 3.63840000e-09  3.63840000e-09  7.36625995e-06 
 3.67840000e-09  3.67840000e-09  7.18221793e-06 
 3.71840000e-09  3.71840000e-09  6.96898933e-06 
 3.75840000e-09  3.75840000e-09  6.72505415e-06 
 3.79840000e-09  3.79840000e-09  6.44560004e-06 
 3.83840000e-09  3.83840000e-09  6.12498690e-06 
 3.87840000e-09  3.87840000e-09  5.75689349e-06 
 3.91840000e-09  3.91840000e-09  5.33406432e-06 
 3.95840000e-09  3.95840000e-09  4.84807786e-06 
 3.99840000e-09  3.99840000e-09  4.28911210e-06 
 4.03840000e-09  4.03840000e-09  3.64565636e-06 
 4.07840000e-09  4.07840000e-09  2.90413533e-06 
 4.11840000e-09  4.11840000e-09  2.04840730e-06 
 4.15840000e-09  4.15840000e-09  1.05908041e-06 
 4.19840000e-09  4.19840000e-09 -8.74403389e-08 
 4.23840000e-09  4.23840000e-09 -1.42031162e-06 
 4.27840000e-09  4.27840000e-09 -2.97623066e-06 
 4.31840000e-09  4.31840000e-09 -4.80237831e-06 
 4.35840000e-09  4.35840000e-09 -6.96088124e-06 
 4.39840000e-09  4.39840000e-09 -9.53569526e-06 
 4.43840000e-09  4.43840000e-09 -1.26433701e-05 
 4.47840000e-09  4.47840000e-09 -1.64499901e-05 
 4.51840000e-09  4.51840000e-09 -2.11975301e-05 
 4.55840000e-09  4.55840000e-09 -2.72425791e-05 
 4.59840000e-09  4.59840000e-09 -3.51020181e-05 
 4.63840000e-09  4.63840000e-09 -4.54520297e-05 
 4.67840000e-09  4.67840000e-09 -5.87833912e-05 
 4.71840000e-09  4.71840000e-09 -7.30290606e-05 
 4.75840000e-09  4.75840000e-09 -6.51127934e-05 
 4.79840000e-09  4.79840000e-09  1.84293300e-01 
 4.80340000e-09  4.80340000e-09  2.20208801e-01 
 4.81340000e-09  4.81340000e-09  2.80669830e-01 
 4.83340000e-09  4.83340000e-09  2.45024361e-01 
 4.86996280e-09  4.86996280e-09  1.84670477e-02 
 4.90996280e-09  4.90996280e-09 -4.44091703e-03 
 4.94996280e-09  4.94996280e-09 -8.64760989e-04 
 4.98996280e-09  4.98996280e-09  2.88903843e-05 
 5.02996280e-09  5.02996280e-09  3.98437720e-05 
 5.06996280e-09  5.06996280e-09  1.69000036e-05 
 5.10996280e-09  5.10996280e-09  1.25655906e-05 
 5.14996280e-09  5.14996280e-09  1.19184223e-05 
 5.18996280e-09  5.18996280e-09  1.14961607e-05 
 5.22996280e-09  5.22996280e-09  1.10694212e-05 
 5.26996280e-09  5.26996280e-09  1.07036126e-05 
 5.30996280e-09  5.30996280e-09  1.04026618e-05 
 5.34996280e-09  5.34996280e-09  1.01530211e-05 
 5.38996280e-09  5.38996280e-09  9.94335350e-06 
 5.42996280e-09  5.42996280e-09  9.76557384e-06 
 5.46996280e-09  5.46996280e-09  9.61365855e-06 
 5.50996280e-09  5.50996280e-09  9.48296769e-06 
 5.54996280e-09  5.54996280e-09  9.36987266e-06 
 5.58996280e-09  5.58996280e-09  9.27149757e-06 
 5.62996280e-09  5.62996280e-09  9.18552595e-06 
 5.66996280e-09  5.66996280e-09  9.11005846e-06 
 5.70996280e-09  5.70996280e-09  9.04351041e-06 
 5.74996280e-09  5.74996280e-09  8.98453849e-06 
 5.78996280e-09  5.78996280e-09  8.93198810e-06 
 5.82996280e-09  5.82996280e-09  8.88485512e-06 
 5.86996280e-09  5.86996280e-09  8.84225774e-06 
 5.90996280e-09  5.90996280e-09  8.80341532e-06 
 5.94996280e-09  5.94996280e-09  8.76763219e-06 
 5.98996280e-09  5.98996280e-09  8.73428303e-06 
 6.02996280e-09  6.02996280e-09  8.70279745e-06 
 6.06996280e-09  6.06996280e-09  8.67264538e-06 
 6.10996280e-09  6.10996280e-09  8.64332283e-06 
 6.14996280e-09  6.14996280e-09  8.61433845e-06 
 6.18996280e-09  6.18996280e-09  8.58520084e-06 
 6.22996280e-09  6.22996280e-09  8.55540673e-06 
 6.26996280e-09  6.26996280e-09  8.52443005e-06 
 6.30996280e-09  6.30996280e-09  8.49171202e-06 
 6.34996280e-09  6.34996280e-09  8.43892968e-06 
 6.38996280e-09  6.38996280e-09  8.41717935e-06 
 6.42996280e-09  6.42996280e-09  8.37684407e-06 
 6.46996280e-09  6.46996280e-09  8.32893552e-06 
 6.50996280e-09  6.50996280e-09  8.27649673e-06 
 6.54996280e-09  6.54996280e-09  8.21811177e-06 
 6.58996280e-09  6.58996280e-09  8.15233242e-06 
 6.62996280e-09  6.62996280e-09  8.07788882e-06 
 6.66996280e-09  6.66996280e-09  7.99340995e-06 
 6.70996280e-09  6.70996280e-09  7.89732685e-06 
 6.74996280e-09  6.74996280e-09  7.78784060e-06 
 6.78996280e-09  6.78996280e-09  7.66289064e-06 
 6.82996280e-09  6.82996280e-09  7.52011506e-06 
 6.86996280e-09  6.86996280e-09  7.35680392e-06 
 6.90996280e-09  6.90996280e-09  7.16984523e-06 
 6.94996280e-09  6.94996280e-09  6.95566221e-06 
 6.98996280e-09  6.98996280e-09  6.71013995e-06 
 7.02996280e-09  7.02996280e-09  6.42853900e-06 
 7.06996280e-09  7.06996280e-09  6.10539292e-06 
 7.10996280e-09  7.10996280e-09  5.73438534e-06 
 7.14996280e-09  7.14996280e-09  5.30820089e-06 
 7.18996280e-09  7.18996280e-09  4.81834148e-06 
 7.22996280e-09  7.22996280e-09  4.25489637e-06 
 7.26996280e-09  7.26996280e-09  3.60624849e-06 
 7.30996280e-09  7.30996280e-09  2.85869146e-06 
 7.34996280e-09  7.34996280e-09  1.99591916e-06 
 7.38996280e-09  7.38996280e-09  9.98329310e-07 
 7.42996280e-09  7.42996280e-09 -1.57948317e-07 
 7.46996280e-09  7.46996280e-09 -1.50243899e-06 
 7.50996280e-09  7.50996280e-09 -3.07234600e-06 
 7.54996280e-09  7.54996280e-09 -4.91556273e-06 
 7.58996280e-09  7.58996280e-09 -7.09524419e-06 
 7.62996280e-09  7.62996280e-09 -9.69686543e-06 
 7.66996280e-09  7.66996280e-09 -1.28392669e-05 
 7.70996280e-09  7.70996280e-09 -1.66920357e-05 
 7.74996280e-09  7.74996280e-09 -2.15025052e-05 
 7.78996280e-09  7.78996280e-09 -2.76351848e-05 
 7.82996280e-09  7.82996280e-09 -3.56170901e-05 
 7.86996280e-09  7.86996280e-09 -4.61295470e-05 
 7.90996280e-09  7.90996280e-09 -5.96197597e-05 
 7.94996280e-09  7.94996280e-09 -7.36600017e-05 
 7.98996280e-09  7.98996280e-09 -6.18158671e-05 
 8.02996280e-09  8.02996280e-09  1.84581245e-01 
 8.06996280e-09  8.06996280e-09  2.31085363e-01 
 8.10996280e-09  8.10996280e-09  2.03477697e-02 
 8.14996280e-09  8.14996280e-09 -3.07620797e-03 
 8.18996280e-09  8.18996280e-09 -8.11673173e-04 
 8.22996280e-09  8.22996280e-09 -3.14571891e-05 
 8.26996280e-09  8.26996280e-09  2.29653351e-05 
 8.30996280e-09  8.30996280e-09  1.26078818e-05 
 8.34996280e-09  8.34996280e-09  8.62328626e-06 
 8.38996280e-09  8.38996280e-09  7.77457365e-06 
 8.42996280e-09  8.42996280e-09  7.62828144e-06 
 8.46996280e-09  8.46996280e-09  7.53290983e-06 
 8.50996280e-09  8.50996280e-09  7.38925248e-06 
 8.54996280e-09  8.54996280e-09  7.20851684e-06 
 8.58996280e-09  8.58996280e-09  6.99912269e-06 
 8.62996280e-09  8.62996280e-09  6.75960605e-06 
 8.66996280e-09  8.66996280e-09  6.48523770e-06 
 8.70996280e-09  8.70996280e-09  6.17048081e-06 
 8.74996280e-09  8.74996280e-09  5.80913529e-06 
 8.78996280e-09  8.78996280e-09  5.39408786e-06 
 8.82996280e-09  8.82996280e-09  4.91708569e-06 
 8.86996280e-09  8.86996280e-09  4.36850895e-06 
 8.90996280e-09  8.90996280e-09  3.73709229e-06 
 8.94996280e-09  8.94996280e-09  3.00956246e-06 
 8.98996280e-09  8.98996280e-09  2.17015594e-06 
 9.02996280e-09  9.02996280e-09  1.19996386e-06 
 9.06996280e-09  9.06996280e-09  7.60215122e-08 
 9.10996280e-09  9.10996280e-09 -1.22998552e-06 
 9.14996280e-09  9.14996280e-09 -2.75360090e-06 
 9.18996280e-09  9.18996280e-09 -4.54038514e-06 
 9.22996280e-09  9.22996280e-09 -6.65013177e-06 
 9.26996280e-09  9.26996280e-09 -9.16335702e-06 
 9.30996280e-09  9.30996280e-09 -1.21914336e-05 
 9.34996280e-09  9.34996280e-09 -1.58925360e-05 
 9.38996280e-09  9.38996280e-09 -2.04965285e-05 
 9.42996280e-09  9.42996280e-09 -2.63419938e-05 
 9.46996280e-09  9.46996280e-09 -3.39222146e-05 
 9.50996280e-09  9.50996280e-09 -4.38982208e-05 
 9.54996280e-09  9.54996280e-09 -5.68413655e-05 
 9.58996280e-09  9.58996280e-09 -7.13869451e-05 
 9.62996280e-09  9.62996280e-09 -7.06622904e-05 
 9.66996280e-09  9.66996280e-09  4.73799979e-04 
 9.70996280e-09  9.70996280e-09  1.92497711e-01 
 9.74996280e-09  9.74996280e-09  2.28117742e-01 
 9.78996280e-09  9.78996280e-09  1.96978930e-02 
 9.82996280e-09  9.82996280e-09 -3.06919037e-03 
 9.86996280e-09  9.86996280e-09 -7.95246261e-04 
 9.90996280e-09  9.90996280e-09 -3.00246744e-05 
 9.94996280e-09  9.94996280e-09  2.25518759e-05 
 9.98996280e-09  9.98996280e-09  1.24172503e-05 
 1.00299628e-08  1.00299628e-08  8.51064364e-06 
 1.00699628e-08  1.00699628e-08  7.63925934e-06 
 1.01099628e-08  1.01099628e-08  7.46474278e-06 
 1.01499628e-08  1.01499628e-08  7.34470766e-06 
 1.01899628e-08  1.01899628e-08  7.17437509e-06 
 1.02299628e-08  1.02299628e-08  6.96262718e-06 
 1.02699628e-08  1.02699628e-08  6.71729226e-06 
 1.03099628e-08  1.03099628e-08  6.43636010e-06 
 1.03499628e-08  1.03499628e-08  6.11431374e-06 
 1.03899628e-08  1.03899628e-08  5.74464044e-06 
 1.04299628e-08  1.04299628e-08  5.31999140e-06 
 1.04699628e-08  1.04699628e-08  4.83189910e-06 
 1.05099628e-08  1.05099628e-08  4.27049634e-06 
 1.05499628e-08  1.05499628e-08  3.62421585e-06 
 1.05899628e-08  1.05899628e-08  2.87941123e-06 
 1.06299628e-08  1.06299628e-08  2.01985137e-06 
 1.06699628e-08  1.06699628e-08  1.02603008e-06 
 1.07099628e-08  1.07099628e-08 -1.25797126e-07 
 1.07499628e-08  1.07499628e-08 -1.46498704e-06 
 1.07899628e-08  1.07899628e-08 -3.02851156e-06 
 1.08299628e-08  1.08299628e-08 -4.86393812e-06 
 1.08699628e-08  1.08699628e-08 -7.03395116e-06 
 1.09099628e-08  1.09099628e-08 -9.62333029e-06 
 1.09499628e-08  1.09499628e-08 -1.27498670e-05 
 1.09899628e-08  1.09899628e-08 -1.65815445e-05 
 1.10299628e-08  1.10299628e-08 -2.13632423e-05 
 1.10699628e-08  1.10699628e-08 -2.74558474e-05 
 1.11099628e-08  1.11099628e-08 -3.53817590e-05 
 1.11499628e-08  1.11499628e-08 -4.58200721e-05 
 1.11899628e-08  1.11899628e-08 -5.92385732e-05 
 1.12299628e-08  1.12299628e-08 -7.33787464e-05 
 1.12699628e-08  1.12699628e-08 -6.33965995e-05 
 1.13099628e-08  1.13099628e-08  1.84448885e-01 
 1.13499628e-08  1.13499628e-08  2.31134608e-01 
 1.13899628e-08  1.13899628e-08  2.03567886e-02 
 1.14299628e-08  1.14299628e-08 -3.07650265e-03 
 1.14699628e-08  1.14699628e-08 -8.11927368e-04 
 1.15099628e-08  1.15099628e-08 -3.14729843e-05 
 1.15499628e-08  1.15499628e-08  2.29733538e-05 
 1.15899628e-08  1.15899628e-08  1.26109449e-05 
 1.16299628e-08  1.16299628e-08  8.62500148e-06 
 1.16699628e-08  1.16699628e-08  7.77671779e-06 
 1.17099628e-08  1.17099628e-08  7.63090291e-06 
 1.17499628e-08  1.17499628e-08  7.53592709e-06 
 1.17899628e-08  1.17899628e-08  7.39269402e-06 
 1.18299628e-08  1.18299628e-08  7.21245282e-06 
 1.18699628e-08  1.18699628e-08  7.00363231e-06 
 1.19099628e-08  1.19099628e-08  6.76477672e-06 
 1.19499628e-08  1.19499628e-08  6.49116922e-06 
 1.19899628e-08  1.19899628e-08  6.17728841e-06 
 1.20299628e-08  1.20299628e-08  5.81695232e-06 
 1.20699628e-08  1.20699628e-08  5.40306889e-06 
 1.21099628e-08  1.21099628e-08  4.92741045e-06 
 1.21499628e-08  1.21499628e-08  4.38038732e-06 
 1.21899628e-08  1.21899628e-08  3.75077070e-06 
 1.22299628e-08  1.22299628e-08  3.02533223e-06 
 1.22699628e-08  1.22699628e-08  2.18836461e-06 
 1.23099628e-08  1.23099628e-08  1.22103057e-06 
 1.23499628e-08  1.23499628e-08  1.00458725e-07 
 1.23899628e-08  1.23899628e-08 -1.20154091e-06 
 1.24299628e-08  1.24299628e-08 -2.72034185e-06 
 1.24699628e-08  1.24699628e-08 -4.50126615e-06 
 1.25099628e-08  1.25099628e-08 -6.60376456e-06 
 1.25499628e-08  1.25499628e-08 -9.10784890e-06 
 1.25899628e-08  1.25899628e-08 -1.21241337e-05 
 1.26299628e-08  1.26299628e-08 -1.58096363e-05 
 1.26699628e-08  1.26699628e-08 -2.03924477e-05 
 1.27099628e-08  1.27099628e-08 -2.62085029e-05 
 1.27499628e-08  1.27499628e-08 -3.37475534e-05 
 1.27899628e-08  1.27899628e-08 -4.36680210e-05 
 1.28299628e-08  1.28299628e-08 -5.65510946e-05 
 1.28699628e-08  1.28699628e-08 -7.11228547e-05 
 1.29099628e-08  1.29099628e-08 -7.12815116e-05 
 1.29499628e-08  1.29499628e-08  3.78160471e-04 
 1.29899628e-08  1.29899628e-08  1.91837034e-01 
 1.30299628e-08  1.30299628e-08  2.28361304e-01 
 1.30699628e-08  1.30699628e-08  1.97536288e-02 
 1.31099628e-08  1.31099628e-08 -3.06945673e-03 
 1.31499628e-08  1.31499628e-08 -7.96608260e-04 
 1.31899628e-08  1.31899628e-08 -3.01615311e-05 
 1.32299628e-08  1.32299628e-08  2.25806818e-05 
 1.32699628e-08  1.32699628e-08  1.24326894e-05 
 1.33099628e-08  1.33099628e-08  8.52005486e-06 
 1.33499628e-08  1.33499628e-08  7.65019254e-06 
 1.33899628e-08  1.33899628e-08  7.47783957e-06 
 1.34299628e-08  1.34299628e-08  7.35978247e-06 
 1.34699628e-08  1.34699628e-08  7.19160144e-06 
 1.35099628e-08  1.35099628e-08  6.98234893e-06 
 1.35499628e-08  1.35499628e-08  6.73990348e-06 
 1.35899628e-08  1.35899628e-08  6.46230098e-06 
 1.36299628e-08  1.36299628e-08  6.14408860e-06 
 1.36699628e-08  1.36699628e-08  5.77883274e-06 
 1.37099628e-08  1.37099628e-08  5.35927810e-06 
 1.37499628e-08  1.37499628e-08  4.87706788e-06 
 1.37899628e-08  1.37899628e-08  4.32246758e-06 
 1.38299628e-08  1.38299628e-08  3.68407103e-06 
 1.38699628e-08  1.38699628e-08  2.94843036e-06 
 1.39099628e-08  1.39099628e-08  2.09956330e-06 
 1.39499628e-08  1.39499628e-08  1.11828176e-06 
 1.39899628e-08  1.39899628e-08 -1.87430654e-08 
 1.40299628e-08  1.40299628e-08 -1.34031179e-06 
 1.40699628e-08  1.40699628e-08 -2.88263352e-06 
 1.41099628e-08  1.41099628e-08 -4.69220279e-06 
 1.41499628e-08  1.41499628e-08 -6.83015711e-06 
 1.41899628e-08  1.41899628e-08 -9.37899282e-06 
 1.42299628e-08  1.42299628e-08 -1.24530613e-05 
 1.42699628e-08  1.42699628e-08 -1.62150870e-05 
 1.43099628e-08  1.43099628e-08 -2.09019017e-05 
 1.43499628e-08  1.43499628e-08 -2.68624657e-05 
 1.43899628e-08  1.43899628e-08 -3.46037526e-05 
 1.44299628e-08  1.44299628e-08 -4.47960912e-05 
 1.44699628e-08  1.44699628e-08 -5.79674092e-05 
 1.45099628e-08  1.45099628e-08 -7.23671343e-05 
 1.45499628e-08  1.45499628e-08 -6.77679466e-05 
 1.45899628e-08  1.45899628e-08  1.84021957e-01 
 1.46299628e-08  1.46299628e-08  2.31288294e-01 
 1.46699628e-08  1.46699628e-08  2.04033534e-02 
 1.47099628e-08  1.47099628e-08 -3.07565363e-03 
 1.47499628e-08  1.47499628e-08 -8.12942413e-04 
 1.47899628e-08  1.47899628e-08 -3.15994711e-05 
 1.48299628e-08  1.48299628e-08  2.29899906e-05 
 1.48699628e-08  1.48699628e-08  1.26211847e-05 
 1.49099628e-08  1.49099628e-08  8.63099232e-06 
 1.49499628e-08  1.49499628e-08  7.78361687e-06 
 1.49899628e-08  1.49899628e-08  7.63915650e-06 
 1.50299628e-08  1.50299628e-08  7.54540862e-06 
 1.50699628e-08  1.50699628e-08  7.40351496e-06 
 1.51099628e-08  1.51099628e-08  7.22483124e-06 
 1.51499628e-08  1.51499628e-08  7.01781489e-06 
 1.51899628e-08  1.51899628e-08  6.78103780e-06 
 1.52299628e-08  1.52299628e-08  6.50982261e-06 
 1.52699628e-08  1.52699628e-08  6.19869645e-06 
 1.53099628e-08  1.53099628e-08  5.84153418e-06 
 1.53499628e-08  1.53499628e-08  5.43131044e-06 
 1.53899628e-08  1.53899628e-08  4.95987656e-06 
 1.54299628e-08  1.54299628e-08  4.41773745e-06 
 1.54699628e-08  1.54699628e-08  3.79377895e-06 
 1.55099628e-08  1.55099628e-08  3.07491351e-06 
 1.55499628e-08  1.55499628e-08  2.24560980e-06 
 1.55899628e-08  1.55899628e-08  1.28725469e-06 
 1.56299628e-08  1.56299628e-08  1.77268543e-07 
 1.56699628e-08  1.56699628e-08 -1.11214990e-06 
 1.57099628e-08  1.57099628e-08 -2.61584338e-06 
 1.57499628e-08  1.57499628e-08 -4.37839058e-06 
 1.57899628e-08  1.57899628e-08 -6.45817503e-06 
 1.58299628e-08  1.58299628e-08 -8.93363948e-06 
 1.58699628e-08  1.58699628e-08 -1.19130421e-05 
 1.59099628e-08  1.59099628e-08 -1.55498047e-05 
 1.59499628e-08  1.59499628e-08 -2.00665086e-05 
 1.59899628e-08  1.59899628e-08 -2.57908433e-05 
 1.60299628e-08  1.60299628e-08 -3.32014697e-05 
 1.60699628e-08  1.60699628e-08 -4.29481047e-05 
 1.61099628e-08  1.61099628e-08 -5.56394933e-05 
 1.61499628e-08  1.61499628e-08 -7.02658258e-05 
 1.61899628e-08  1.61899628e-08 -7.29297410e-05 
 1.62299628e-08  1.62299628e-08  2.22451543e-04 
 1.62699628e-08  1.62699628e-08  1.90503294e-01 
 1.62749628e-08  1.62749628e-08  2.25818094e-01 
 1.62849628e-08  1.62849628e-08  2.84258865e-01 
 1.63049628e-08  1.63049628e-08  2.30914403e-01 
 1.63395878e-08  1.63395878e-08  1.70595303e-02 
 1.63795878e-08  1.63795878e-08 -4.63024948e-03 
 1.64195878e-08  1.64195878e-08 -8.59353376e-04 
 1.64595878e-08  1.64595878e-08  2.99128914e-05 
 1.64995878e-08  1.64995878e-08  3.76786334e-05 
 1.65395878e-08  1.65395878e-08  1.48492268e-05 
 1.65795878e-08  1.65795878e-08  1.09454819e-05 
 1.66195878e-08  1.66195878e-08  1.06761615e-05 
 1.66595878e-08  1.66595878e-08  1.04910798e-05 
 1.66995878e-08  1.66995878e-08  1.02461974e-05 
 1.67395878e-08  1.67395878e-08  1.00213604e-05 
 1.67795878e-08  1.67795878e-08  9.83092697e-06 
 1.68195878e-08  1.68195878e-08  9.66945286e-06 
 1.68595878e-08  1.68595878e-08  9.53107191e-06 
 1.68995878e-08  1.68995878e-08  9.41158352e-06 
 1.69395878e-08  1.69395878e-08  9.30783732e-06 
 1.69795878e-08  1.69795878e-08  9.21732904e-06 
 1.70195878e-08  1.70195878e-08  9.13801497e-06 
 1.70595878e-08  1.70595878e-08  9.06819931e-06 
 1.70995878e-08  1.70995878e-08  9.00645281e-06 
 1.71395878e-08  1.71395878e-08  8.95155330e-06 
 1.71795878e-08  1.71795878e-08  8.90244245e-06 
 1.72195878e-08  1.72195878e-08  8.85819413e-06 
 1.72595878e-08  1.72595878e-08  8.81799086e-06 
 1.72995878e-08  1.72995878e-08  8.78110591e-06 
 1.73395878e-08  1.73395878e-08  8.74688866e-06 
 1.73795878e-08  1.73795878e-08  8.71474932e-06 
 1.74195878e-08  1.74195878e-08  8.68414398e-06 
 1.74595878e-08  1.74595878e-08  8.65456024e-06 
 1.74995878e-08  1.74995878e-08  8.62550342e-06 
 1.75395878e-08  1.75395878e-08  8.59648359e-06 
 1.75795878e-08  1.75795878e-08  8.56700341e-06 
 1.76195878e-08  1.76195878e-08  8.53654681e-06 
 1.76595878e-08  1.76595878e-08  8.50456875e-06 
 1.76995878e-08  1.76995878e-08  8.45369071e-06 
 1.77395878e-08  1.77395878e-08  8.43239763e-06 
 1.77795878e-08  1.77795878e-08  8.39348732e-06 
 1.78195878e-08  1.78195878e-08  8.34747850e-06 
 1.78595878e-08  1.78595878e-08  8.29724686e-06 
 1.78995878e-08  1.78995878e-08  8.24143175e-06 
 1.79395878e-08  1.79395878e-08  8.17865078e-06 
 1.79795878e-08  1.79795878e-08  8.10769372e-06 
 1.80195878e-08  1.80195878e-08  8.02725570e-06 
 1.80595878e-08  1.80595878e-08  7.93584535e-06 
 1.80995878e-08  1.80995878e-08  7.83175435e-06 
 1.81395878e-08  1.81395878e-08  7.71302716e-06 
 1.81795878e-08  1.81795878e-08  7.57742323e-06 
 1.82195878e-08  1.82195878e-08  7.42237277e-06 
 1.82595878e-08  1.82595878e-08  7.24492567e-06 
 1.82995878e-08  1.82995878e-08  7.04169237e-06 
 1.83395878e-08  1.83395878e-08  6.80877483e-06 
 1.83795878e-08  1.83795878e-08  6.54168551e-06 
 1.84195878e-08  1.84195878e-08  6.23525151e-06 
 1.84595878e-08  1.84595878e-08  5.88350016e-06 
 1.84995878e-08  1.84995878e-08  5.47952077e-06 
 1.85395878e-08  1.85395878e-08  5.01529552e-06 
 1.85795878e-08  1.85795878e-08  4.48148903e-06 
 1.86195878e-08  1.86195878e-08  3.86718170e-06 
 1.86595878e-08  1.86595878e-08  3.15952492e-06 
 1.86995878e-08  1.86995878e-08  2.34328537e-06 
 1.87395878e-08  1.87395878e-08  1.40022884e-06 
 1.87795878e-08  1.87795878e-08  3.08267901e-07 
 1.88195878e-08  1.88195878e-08 -9.59744270e-07 
 1.88595878e-08  1.88595878e-08 -2.43775867e-06 
 1.88995878e-08  1.88995878e-08 -4.16910796e-06 
 1.89395878e-08  1.89395878e-08 -6.21039053e-06 
 1.89795878e-08  1.89795878e-08 -8.63742975e-06 
 1.90195878e-08  1.90195878e-08 -1.15545568e-05 
 1.90595878e-08  1.90595878e-08 -1.51092078e-05 
 1.90995878e-08  1.90995878e-08 -1.95147883e-05 
 1.91395878e-08  1.91395878e-08 -2.50852005e-05 
 1.91795878e-08  1.91795878e-08 -3.22802600e-05 
 1.92195878e-08  1.92195878e-08 -4.17332601e-05 
 1.92595878e-08  1.92595878e-08 -5.40892514e-05 
 1.92995878e-08  1.92995878e-08 -6.87220239e-05 
 1.93395878e-08  1.93395878e-08 -7.48406025e-05 
 1.93795878e-08  1.93795878e-08  9.83592687e-05 
 1.94195878e-08  1.94195878e-08  1.89012812e-01 
 1.94595878e-08  1.94595878e-08  2.29414449e-01 
 1.94995878e-08  1.94995878e-08  2.00054448e-02 
 1.95395878e-08  1.95395878e-08 -3.07045062e-03 
 1.95795878e-08  1.95795878e-08 -8.02732441e-04 
 1.96195878e-08  1.96195878e-08 -3.07084352e-05 
 1.96595878e-08  1.96595878e-08  2.27340171e-05 
 1.96995878e-08  1.96995878e-08  1.25022923e-05 
 1.97395878e-08  1.97395878e-08  8.56020799e-06 
 1.97795878e-08  1.97795878e-08  7.69839566e-06 
 1.98195878e-08  1.98195878e-08  7.53619341e-06 
 1.98595878e-08  1.98595878e-08  7.42698099e-06 
 1.98995878e-08  1.98995878e-08  7.26834648e-06 
 1.99395878e-08  1.99395878e-08  7.07018629e-06 
 1.99795878e-08  1.99795878e-08  6.84059552e-06 
 2.00195878e-08  2.00195878e-08  6.57780689e-06 
 2.00595878e-08  2.00595878e-08  6.27665012e-06 
 2.00995878e-08  2.00995878e-08  5.93104221e-06 
 2.01395878e-08  2.01395878e-08  5.53414134e-06 
 2.01795878e-08  2.01795878e-08  5.07807930e-06 
 2.02195878e-08  2.02195878e-08  4.55370559e-06 
 2.02595878e-08  2.02595878e-08  3.95032089e-06 
 2.02995878e-08  2.02995878e-08  3.25534500e-06 
 2.03395878e-08  2.03395878e-08  2.45387852e-06 
 2.03795878e-08  2.03795878e-08  1.52811093e-06 
 2.04195878e-08  2.04195878e-08  4.56503736e-07 
 2.04595878e-08  2.04595878e-08 -7.87362103e-07 
 2.04995878e-08  2.04995878e-08 -2.23644882e-06 
 2.05395878e-08  2.05395878e-08 -3.93271165e-06 
 2.05795878e-08  2.05795878e-08 -5.93078128e-06 
 2.06195878e-08  2.06195878e-08 -8.30360185e-06 
 2.06595878e-08  2.06595878e-08 -1.11511981e-05 
 2.06995878e-08  2.06995878e-08 -1.46144525e-05 
 2.07395878e-08  2.07395878e-08 -1.88967214e-05 
 2.07795878e-08  2.07795878e-08 -2.42967367e-05 
 2.08195878e-08  2.08195878e-08 -3.12531786e-05 
 2.08595878e-08  2.08595878e-08 -4.03787863e-05 
 2.08995878e-08  2.08995878e-08 -5.23456751e-05 
 2.09395878e-08  2.09395878e-08 -6.68753394e-05 
 2.09795878e-08  2.09795878e-08 -7.59077230e-05 
 2.10195878e-08  2.10195878e-08  2.77197881e-05 
 2.10595878e-08  2.10595878e-08  1.87768950e-01 
 2.10995878e-08  2.10995878e-08  2.29882949e-01 
 2.11395878e-08  2.11395878e-08  2.00899837e-02 
 2.11795878e-08  2.11795878e-08 -3.07269086e-03 
 2.12195878e-08  2.12195878e-08 -8.05046230e-04 
 2.12595878e-08  2.12595878e-08 -3.09146100e-05 
 2.12995878e-08  2.12995878e-08  2.27881085e-05 
 2.13395878e-08  2.13395878e-08  1.25308475e-05 
 2.13795878e-08  2.13795878e-08  8.57864202e-06 
 2.14195878e-08  2.14195878e-08  7.72015635e-06 
 2.14595878e-08  2.14595878e-08  7.56225133e-06 
 2.14995878e-08  2.14995878e-08  7.45693866e-06 
 2.15395878e-08  2.15395878e-08  7.30255722e-06 
 2.15795878e-08  2.15795878e-08  7.10933829e-06 
 2.16195878e-08  2.16195878e-08  6.88547068e-06 
 2.16595878e-08  2.16595878e-08  6.62927622e-06 
 2.16995878e-08  2.16995878e-08  6.33571064e-06 
 2.17395878e-08  2.17395878e-08  5.99884629e-06 
 2.17795878e-08  2.17795878e-08  5.61202407e-06 
 2.18195878e-08  2.18195878e-08  5.16759120e-06 
 2.18595878e-08  2.18595878e-08  4.65665392e-06 
 2.18995878e-08  2.18995878e-08  4.06882249e-06 
 2.19395878e-08  2.19395878e-08  3.39189507e-06 
 2.19795878e-08  2.19795878e-08  2.61144206e-06 
 2.20195878e-08  2.20195878e-08  1.71024704e-06 
 2.20595878e-08  2.20595878e-08  6.67538568e-07 
 2.20995878e-08  2.20995878e-08 -5.42089184e-07 
 2.21395878e-08  2.21395878e-08 -1.95022726e-06 
 2.21795878e-08  2.21795878e-08 -3.59692811e-06 
 2.22195878e-08  2.22195878e-08 -5.53411493e-06 
 2.22595878e-08  2.22595878e-08 -7.83078434e-06 
 2.22995878e-08  2.22995878e-08 -1.05810759e-05 
 2.23395878e-08  2.23395878e-08 -1.39169356e-05 
 2.23795878e-08  2.23795878e-08 -1.80280196e-05 
 2.24195878e-08  2.24195878e-08 -2.31922746e-05 
 2.24595878e-08  2.24595878e-08 -2.98188199e-05 
 2.24995878e-08  2.24995878e-08 -3.84884671e-05 
 2.25395878e-08  2.25395878e-08 -4.98910364e-05 
 2.25795878e-08  2.25795878e-08 -6.41163645e-05 
 2.26195878e-08  2.26195878e-08 -7.59406402e-05 
 2.26595878e-08  2.26595878e-08 -2.48626105e-05 
 2.26995878e-08  2.26995878e-08  1.86363184e-01 
 2.27395878e-08  2.27395878e-08  2.30416419e-01 
 2.27795878e-08  2.27795878e-08  2.02085435e-02 
 2.28195878e-08  2.28195878e-08 -3.07384254e-03 
 2.28595878e-08  2.28595878e-08 -8.08030908e-04 
 2.28995878e-08  2.28995878e-08 -3.11720904e-05 
 2.29395878e-08  2.29395878e-08  2.28647710e-05 
 2.29795878e-08  2.29795878e-08  1.25653910e-05 
 2.30195878e-08  2.30195878e-08  8.59890518e-06 
 2.30595878e-08  2.30595878e-08  7.74470164e-06 
 2.30995878e-08  2.30995878e-08  7.59197282e-06 
 2.31395878e-08  2.31395878e-08  7.49113389e-06 
 2.31795878e-08  2.31795878e-08  7.34158716e-06 
 2.32195878e-08  2.32195878e-08  7.15399366e-06 
 2.32595878e-08  2.32595878e-08  6.93664702e-06 
 2.32995878e-08  2.32995878e-08  6.68796663e-06 
 2.33395878e-08  2.33395878e-08  6.40305057e-06 
 2.33795878e-08  2.33795878e-08  6.07614762e-06 
 2.34195878e-08  2.34195878e-08  5.70080606e-06 
 2.34595878e-08  2.34595878e-08  5.26961710e-06 
 2.34995878e-08  2.34995878e-08  4.77397718e-06 
 2.35395878e-08  2.35395878e-08  4.20384573e-06 
 2.35795878e-08  2.35795878e-08  3.54744639e-06 
 2.36195878e-08  2.36195878e-08  2.79087607e-06 
 2.36595878e-08  2.36595878e-08  1.91758153e-06 
 2.36995878e-08  2.36995878e-08  9.07643960e-07 
 2.37395878e-08  2.37395878e-08 -2.63221606e-07 
 2.37795878e-08  2.37795878e-08 -1.62509681e-06 
 2.38195878e-08  2.38195878e-08 -3.21595019e-06 
 2.38595878e-08  2.38595878e-08 -5.08475444e-06 
 2.38995878e-08  2.38995878e-08 -7.29622499e-06 
 2.39395878e-08  2.39395878e-08 -9.93814576e-06 
 2.39795878e-08  2.39795878e-08 -1.31328428e-05 
 2.40195878e-08  2.40195878e-08 -1.70552369e-05 
 2.40595878e-08  2.40595878e-08 -2.19608127e-05 
 2.40995878e-08  2.40995878e-08 -2.82260683e-05 
 2.41395878e-08  2.41395878e-08 -3.63930499e-05 
 2.41795878e-08  2.41795878e-08 -4.71489410e-05 
 2.42195878e-08  2.42195878e-08 -6.08645713e-05 
 2.42595878e-08  2.42595878e-08 -7.44976009e-05 
 2.42995878e-08  2.42995878e-08 -5.43022009e-05 
 2.43395878e-08  2.43395878e-08  1.85043072e-01 
 2.43795878e-08  2.43795878e-08  2.30914506e-01 
 2.44195878e-08  2.44195878e-08  2.03138658e-02 
 2.44595878e-08  2.44595878e-08 -3.07544706e-03 
 2.44995878e-08  2.44995878e-08 -8.10760363e-04 
 2.45395878e-08  2.45395878e-08 -3.13897333e-05 
 2.45795878e-08  2.45795878e-08  2.29392717e-05 
 2.46195878e-08  2.46195878e-08  1.25972057e-05 
 2.46595878e-08  2.46595878e-08  8.61727261e-06 
 2.46995878e-08  2.46995878e-08  7.76718777e-06 
 2.47395878e-08  2.47395878e-08  7.61928660e-06 
 2.47795878e-08  2.47795878e-08  7.52255833e-06 
 2.48195878e-08  2.48195878e-08  7.37744310e-06 
 2.48595878e-08  2.48595878e-08  7.19500970e-06 
 2.48995878e-08  2.48995878e-08  6.98364652e-06 
 2.49395878e-08  2.49395878e-08  6.74186087e-06 
 2.49795878e-08  2.49795878e-08  6.46488091e-06 
 2.50195878e-08  2.50195878e-08  6.14711680e-06 
 2.50595878e-08  2.50595878e-08  5.78230626e-06 
 2.50995878e-08  2.50995878e-08  5.36326306e-06 
 2.51395878e-08  2.51395878e-08  4.88164785e-06 
 2.51795878e-08  2.51795878e-08  4.32773710e-06 
 2.52195878e-08  2.52195878e-08  3.69013976e-06 
 2.52595878e-08  2.52595878e-08  2.95542781e-06 
 2.52995878e-08  2.52995878e-08  2.10764414e-06 
 2.53395878e-08  2.53395878e-08  1.12763278e-06 
 2.53795878e-08  2.53795878e-08 -7.89322645e-09 
 2.54195878e-08  2.54195878e-08 -1.32767852e-06 
 2.54595878e-08  2.54595878e-08 -2.86785555e-06 
 2.54995878e-08  2.54995878e-08 -4.67481118e-06 
 2.55395878e-08  2.55395878e-08 -6.80952783e-06 
 2.55795878e-08  2.55795878e-08 -9.35427321e-06 
 2.56195878e-08  2.56195878e-08 -1.24230545e-05 
 2.56595878e-08  2.56595878e-08 -1.61780702e-05 
 2.56995878e-08  2.56995878e-08 -2.08553470e-05 
 2.57395878e-08  2.57395878e-08 -2.68026483e-05 
 2.57795878e-08  2.57795878e-08 -3.45253811e-05 
 2.58195878e-08  2.58195878e-08 -4.46928787e-05 
 2.58595878e-08  2.58595878e-08 -5.78384857e-05 
 2.58995878e-08  2.58995878e-08 -7.22586762e-05 
 2.59395878e-08  2.59395878e-08 -6.81420445e-05 
 2.59795878e-08  2.59795878e-08  1.83978009e-01 
 2.60195878e-08  2.60195878e-08  2.31291833e-01 
 2.60595878e-08  2.60595878e-08  2.04056949e-02 
 2.60995878e-08  2.60995878e-08 -3.07550277e-03 
 2.61395878e-08  2.61395878e-08 -8.12985408e-04 
 2.61795878e-08  2.61795878e-08 -3.16104491e-05 
 2.62195878e-08  2.62195878e-08  2.29893884e-05 
 2.62595878e-08  2.62595878e-08  1.26215203e-05 
 2.62995878e-08  2.62995878e-08  8.63115276e-06 
 2.63395878e-08  2.63395878e-08  7.78369592e-06 
 2.63795878e-08  2.63795878e-08  7.63922975e-06 
 2.64195878e-08  2.64195878e-08  7.54549360e-06 
 2.64595878e-08  2.64595878e-08  7.40361358e-06 
 2.64995878e-08  2.64995878e-08  7.22494446e-06 
 2.65395878e-08  2.65395878e-08  7.01794461e-06 
 2.65795878e-08  2.65795878e-08  6.78118650e-06 
 2.66195878e-08  2.66195878e-08  6.50999317e-06 
 2.66595878e-08  2.66595878e-08  6.19889220e-06 
 2.66995878e-08  2.66995878e-08  5.84175894e-06 
 2.67395878e-08  2.67395878e-08  5.43156866e-06 
 2.67795878e-08  2.67795878e-08  4.96017340e-06 
 2.68195878e-08  2.68195878e-08  4.41807894e-06 
 2.68595878e-08  2.68595878e-08  3.79417215e-06 
 2.68995878e-08  2.68995878e-08  3.07536679e-06 
 2.69395878e-08  2.69395878e-08  2.24613311e-06 
 2.69795878e-08  2.69795878e-08  1.28786005e-06 
 2.70195878e-08  2.70195878e-08  1.77970598e-07 
 2.70595878e-08  2.70595878e-08 -1.11133296e-06 
 2.70995878e-08  2.70995878e-08 -2.61488852e-06 
 2.71395878e-08  2.71395878e-08 -4.37726804e-06 
 2.71795878e-08  2.71795878e-08 -6.45684536e-06 
 2.72195878e-08  2.72195878e-08 -8.93204899e-06 
 2.72595878e-08  2.72595878e-08 -1.19111158e-05 
 2.72995878e-08  2.72995878e-08 -1.55474349e-05 
 2.73395878e-08  2.73395878e-08 -2.00635378e-05 
 2.73795878e-08  2.73795878e-08 -2.57870393e-05 
 2.74195878e-08  2.74195878e-08 -3.31964987e-05 
 2.74595878e-08  2.74595878e-08 -4.29415503e-05 
 2.74995878e-08  2.74995878e-08 -5.56311681e-05 
 2.75395878e-08  2.75395878e-08 -7.02578150e-05 
 2.75795878e-08  2.75795878e-08 -7.29428549e-05 
 2.76195878e-08  2.76195878e-08  2.21476805e-04 
 2.76595878e-08  2.76595878e-08  1.90494042e-01 
 2.76645878e-08  2.76645878e-08  2.25809885e-01 
 2.76745878e-08  2.76745878e-08  2.84254058e-01 
 2.76945878e-08  2.76945878e-08  2.30938759e-01 
 2.77292155e-08  2.77292155e-08  1.70621755e-02 
 2.77692155e-08  2.77692155e-08 -4.63005237e-03 
 2.78092155e-08  2.78092155e-08 -8.59381947e-04 
 2.78492155e-08  2.78492155e-08  2.99106439e-05 
 2.78892155e-08  2.78892155e-08  3.76817182e-05 
 2.79292155e-08  2.79292155e-08  1.48518957e-05 
 2.79692155e-08  2.79692155e-08  1.09476808e-05 
 2.80092155e-08  2.80092155e-08  1.06779690e-05 
 2.80492155e-08  2.80492155e-08  1.04925653e-05 
 2.80892155e-08  2.80892155e-08  1.02474326e-05 
 2.81292155e-08  2.81292155e-08  1.00223996e-05 
 2.81692155e-08  2.81692155e-08  9.83180919e-06 
 2.82092155e-08  2.82092155e-08  9.67020744e-06 
 2.82492155e-08  2.82492155e-08  9.53172159e-06 
 2.82892155e-08  2.82892155e-08  9.41214613e-06 
 2.83292155e-08  2.83292155e-08  9.30832700e-06 
 2.83692155e-08  2.83692155e-08  9.21775722e-06 
 2.84092155e-08  2.84092155e-08  9.13839104e-06 
 2.84492155e-08  2.84492155e-08  9.06853112e-06 
 2.84892155e-08  2.84892155e-08  9.00674703e-06 
 2.85292155e-08  2.85292155e-08  8.95181566e-06 
 2.85692155e-08  2.85692155e-08  8.90267795e-06 
 2.86092155e-08  2.86092155e-08  8.85840717e-06 
 2.86492155e-08  2.86492155e-08  8.81818534e-06 
 2.86892155e-08  2.86892155e-08  8.78128529e-06 
 2.87292155e-08  2.87292155e-08  8.74705607e-06 
 2.87692155e-08  2.87692155e-08  8.71490762e-06 
 2.88092155e-08  2.88092155e-08  8.68429584e-06 
 2.88492155e-08  2.88492155e-08  8.65470818e-06 
 2.88892155e-08  2.88892155e-08  8.62564992e-06 
 2.89292155e-08  2.89292155e-08  8.59663115e-06 
 2.89692155e-08  2.89692155e-08  8.56715457e-06 
 2.90092155e-08  2.90092155e-08  8.53670426e-06 
 2.90492155e-08  2.90492155e-08  8.50473533e-06 
 2.90892155e-08  2.90892155e-08  8.45388135e-06 
 2.91292155e-08  2.91292155e-08  8.43259384e-06 
 2.91692155e-08  2.91692155e-08  8.39370152e-06 
 2.92092155e-08  2.92092155e-08  8.34771678e-06 
 2.92492155e-08  2.92492155e-08  8.29751317e-06 
 2.92892155e-08  2.92892155e-08  8.24173076e-06 
 2.93292155e-08  2.93292155e-08  8.17898798e-06 
 2.93692155e-08  2.93692155e-08  8.10807536e-06 
 2.94092155e-08  2.94092155e-08  8.02768887e-06 
 2.94492155e-08  2.94492155e-08  7.93633813e-06 
 2.94892155e-08  2.94892155e-08  7.83231598e-06 
 2.95292155e-08  2.95292155e-08  7.71366820e-06 
 2.95692155e-08  2.95692155e-08  7.57815582e-06 
 2.96092155e-08  2.96092155e-08  7.42321081e-06 
 2.96492155e-08  2.96492155e-08  7.24588513e-06 
 2.96892155e-08  2.96892155e-08  7.04279162e-06 
 2.97292155e-08  2.97292155e-08  6.81003500e-06 
 2.97692155e-08  2.97692155e-08  6.54313093e-06 
 2.98092155e-08  2.98092155e-08  6.23691027e-06 
 2.98492155e-08  2.98492155e-08  5.88540469e-06 
 2.98892155e-08  2.98892155e-08  5.48170866e-06 
 2.99292155e-08  2.99292155e-08  5.01781046e-06 
 2.99692155e-08  2.99692155e-08  4.48438197e-06 
 3.00000000e-08  3.00000000e-08  4.01350415e-06 
