 time            time            v(net3)        
 4.00000000e-13  4.00000000e-13  1.46746653e-02 
 8.00000000e-13  8.00000000e-13  1.75955223e-02 
 1.60000000e-12  1.60000000e-12  2.26314122e-02 
 3.20000000e-12  3.20000000e-12  2.98489926e-02 
 6.40000000e-12  6.40000000e-12  3.80489819e-02 
 1.28000000e-11  1.28000000e-11  4.62437479e-02 
 2.56000000e-11  2.56000000e-11  5.32752459e-02 
 4.00000000e-11  4.00000000e-11  5.58264719e-02 
 4.25600000e-11  4.25600000e-11  5.58346811e-02 
 4.76800000e-11  4.76800000e-11  5.59652548e-02 
 5.79200000e-11  5.79200000e-11  5.65357638e-02 
 7.84000000e-11  7.84000000e-11  5.80710313e-02 
 1.18400000e-10  1.18400000e-10  6.12457586e-02 
 1.58400000e-10  1.58400000e-10  6.44047003e-02 
 1.98400000e-10  1.98400000e-10  6.75419759e-02 
 2.38400000e-10  2.38400000e-10  7.06723996e-02 
 2.78400000e-10  2.78400000e-10  7.38002788e-02 
 3.18400000e-10  3.18400000e-10  7.69256826e-02 
 3.58400000e-10  3.58400000e-10  8.00481919e-02 
 3.98400000e-10  3.98400000e-10  8.31675040e-02 
 4.38400000e-10  4.38400000e-10  8.62833411e-02 
 4.78400000e-10  4.78400000e-10  8.93953798e-02 
 5.18400000e-10  5.18400000e-10  9.25032323e-02 
 5.58400000e-10  5.58400000e-10  9.56064410e-02 
 5.98400000e-10  5.98400000e-10  9.87044728e-02 
 6.38400000e-10  6.38400000e-10  1.01796711e-01 
 6.78400000e-10  6.78400000e-10  1.04882445e-01 
 7.18400000e-10  7.18400000e-10  1.07960862e-01 
 7.58400000e-10  7.58400000e-10  1.11031033e-01 
 7.98400000e-10  7.98400000e-10  1.14091897e-01 
 8.38400000e-10  8.38400000e-10  1.17142249e-01 
 8.78400000e-10  8.78400000e-10  1.20180716e-01 
 9.18400000e-10  9.18400000e-10  1.23205739e-01 
 9.58400000e-10  9.58400000e-10  1.26215541e-01 
 9.98400000e-10  9.98400000e-10  1.29208090e-01 
 1.03840000e-09  1.03840000e-09  1.32181060e-01 
 1.07840000e-09  1.07840000e-09  1.35131768e-01 
 1.11840000e-09  1.11840000e-09  1.38057102e-01 
 1.15840000e-09  1.15840000e-09  1.40953425e-01 
 1.19840000e-09  1.19840000e-09  1.43816489e-01 
 1.23840000e-09  1.23840000e-09  1.46641399e-01 
 1.27840000e-09  1.27840000e-09  1.49422863e-01 
 1.31840000e-09  1.31840000e-09  1.52156503e-01 
 1.35840000e-09  1.35840000e-09  1.54843919e-01 
 1.39840000e-09  1.39840000e-09  1.57511905e-01 
 1.43840000e-09  1.43840000e-09  1.60295178e-01 
 1.47840000e-09  1.47840000e-09  1.64026085e-01 
 1.51840000e-09  1.51840000e-09  2.43565044e-01 
 1.55840000e-09  1.55840000e-09  1.15151199e-01 
 1.59840000e-09  1.59840000e-09  7.01620079e-02 
 1.63840000e-09  1.63840000e-09  5.94122415e-02 
 1.67840000e-09  1.67840000e-09  5.73605079e-02 
 1.71840000e-09  1.71840000e-09  5.84601165e-02 
 1.75840000e-09  1.75840000e-09  6.09135709e-02 
 1.79840000e-09  1.79840000e-09  6.38415436e-02 
 1.83840000e-09  1.83840000e-09  6.69115974e-02 
 1.87840000e-09  1.87840000e-09  7.00218320e-02 
 1.91840000e-09  1.91840000e-09  7.31432483e-02 
 1.95840000e-09  1.95840000e-09  7.62667534e-02 
 1.99840000e-09  1.99840000e-09  7.93890380e-02 
 2.03840000e-09  2.03840000e-09  8.25087572e-02 
 2.07840000e-09  2.07840000e-09  8.56252592e-02 
 2.11840000e-09  2.11840000e-09  8.87381001e-02 
 2.15840000e-09  2.15840000e-09  9.18468628e-02 
 2.19840000e-09  2.19840000e-09  9.49510912e-02 
 2.23840000e-09  2.23840000e-09  9.80502643e-02 
 2.27840000e-09  2.27840000e-09  1.01143782e-01 
 2.31840000e-09  2.31840000e-09  1.04230955e-01 
 2.35840000e-09  2.35840000e-09  1.07310992e-01 
 2.39840000e-09  2.39840000e-09  1.10382988e-01 
 2.43840000e-09  2.43840000e-09  1.13445914e-01 
 2.47840000e-09  2.47840000e-09  1.16498596e-01 
 2.51840000e-09  2.51840000e-09  1.19539698e-01 
 2.55840000e-09  2.55840000e-09  1.22567703e-01 
 2.59840000e-09  2.59840000e-09  1.25580881e-01 
 2.63840000e-09  2.63840000e-09  1.28577259e-01 
 2.67840000e-09  2.67840000e-09  1.31554577e-01 
 2.71840000e-09  2.71840000e-09  1.34510233e-01 
 2.75840000e-09  2.75840000e-09  1.37441213e-01 
 2.79840000e-09  2.79840000e-09  1.40343998e-01 
 2.83840000e-09  2.83840000e-09  1.43214478e-01 
 2.87840000e-09  2.87840000e-09  1.46047887e-01 
 2.91840000e-09  2.91840000e-09  1.48838964e-01 
 2.95840000e-09  2.95840000e-09  1.51582915e-01 
 2.99840000e-09  2.99840000e-09  1.54279245e-01 
 3.03840000e-09  3.03840000e-09  1.56946177e-01 
 3.07840000e-09  3.07840000e-09  1.59680175e-01 
 3.11840000e-09  3.11840000e-09  1.63014421e-01 
 3.15840000e-09  3.15840000e-09  2.44033581e-01 
 3.19840000e-09  3.19840000e-09  1.14836046e-01 
 3.23840000e-09  3.23840000e-09  6.96100186e-02 
 3.27840000e-09  3.27840000e-09  5.87786373e-02 
 3.31840000e-09  3.31840000e-09  5.66979213e-02 
 3.35840000e-09  3.35840000e-09  5.77880335e-02 
 3.39840000e-09  3.39840000e-09  6.02388316e-02 
 3.43840000e-09  3.43840000e-09  6.31663088e-02 
 3.47840000e-09  3.47840000e-09  6.62365432e-02 
 3.51840000e-09  3.51840000e-09  6.93472075e-02 
 3.55840000e-09  3.55840000e-09  7.24691614e-02 
 3.59840000e-09  3.59840000e-09  7.55932633e-02 
 3.63840000e-09  3.63840000e-09  7.87161928e-02 
 3.67840000e-09  3.67840000e-09  8.18366090e-02 
 3.71840000e-09  3.71840000e-09  8.49538695e-02 
 3.75840000e-09  3.75840000e-09  8.80675421e-02 
 3.79840000e-09  3.79840000e-09  9.11772231e-02 
 3.83840000e-09  3.83840000e-09  9.42824712e-02 
 3.87840000e-09  3.87840000e-09  9.73827819e-02 
 3.91840000e-09  3.91840000e-09  1.00477574e-01 
 3.95840000e-09  3.95840000e-09  1.03566177e-01 
 3.99840000e-09  3.99840000e-09  1.06647824e-01 
 4.03840000e-09  4.03840000e-09  1.09721637e-01 
 4.07840000e-09  4.07840000e-09  1.12786612e-01 
 4.11840000e-09  4.11840000e-09  1.15841608e-01 
 4.15840000e-09  4.15840000e-09  1.18885328e-01 
 4.19840000e-09  4.19840000e-09  1.21916293e-01 
 4.23840000e-09  4.23840000e-09  1.24932825e-01 
 4.27840000e-09  4.27840000e-09  1.27933004e-01 
 4.31840000e-09  4.31840000e-09  1.30914637e-01 
 4.35840000e-09  4.35840000e-09  1.33875202e-01 
 4.39840000e-09  4.39840000e-09  1.36811778e-01 
 4.43840000e-09  4.43840000e-09  1.39720966e-01 
 4.47840000e-09  4.47840000e-09  1.42598789e-01 
 4.51840000e-09  4.51840000e-09  1.45440621e-01 
 4.55840000e-09  4.55840000e-09  1.48241271e-01 
 4.59840000e-09  4.59840000e-09  1.50995674e-01 
 4.63840000e-09  4.63840000e-09  1.53701768e-01 
 4.67840000e-09  4.67840000e-09  1.56371304e-01 
 4.71840000e-09  4.71840000e-09  1.59072976e-01 
 4.75840000e-09  4.75840000e-09  1.62156767e-01 
 4.79840000e-09  4.79840000e-09  2.44408766e-01 
 4.80340000e-09  4.80340000e-09  2.43720067e-01 
 4.81340000e-09  4.81340000e-09  1.80205547e-01 
 4.83340000e-09  4.83340000e-09  5.20401442e-02 
 4.86996280e-09  4.86996280e-09 -4.83471068e-02 
 4.90996280e-09  4.90996280e-09 -8.13223567e-02 
 4.94996280e-09  4.94996280e-09 -8.81886971e-02 
 4.98996280e-09  4.98996280e-09 -8.61998417e-02 
 5.02996280e-09  5.02996280e-09 -8.15210726e-02 
 5.06996280e-09  5.06996280e-09 -7.63075368e-02 
 5.10996280e-09  5.10996280e-09 -7.12016646e-02 
 5.14996280e-09  5.14996280e-09 -6.63696101e-02 
 5.18996280e-09  5.18996280e-09 -6.17939489e-02 
 5.22996280e-09  5.22996280e-09 -5.74369386e-02 
 5.26996280e-09  5.26996280e-09 -5.32615205e-02 
 5.30996280e-09  5.30996280e-09 -4.92363369e-02 
 5.34996280e-09  5.34996280e-09 -4.53360029e-02 
 5.38996280e-09  5.38996280e-09 -4.15401725e-02 
 5.42996280e-09  5.42996280e-09 -3.78324888e-02 
 5.46996280e-09  5.46996280e-09 -3.41996962e-02 
 5.50996280e-09  5.50996280e-09 -3.06309451e-02 
 5.54996280e-09  5.54996280e-09 -2.71172609e-02 
 5.58996280e-09  5.58996280e-09 -2.36511436e-02 
 5.62996280e-09  5.62996280e-09 -2.02262662e-02 
 5.66996280e-09  5.66996280e-09 -1.68372481e-02 
 5.70996280e-09  5.70996280e-09 -1.34794842e-02 
 5.74996280e-09  5.74996280e-09 -1.01490133e-02 
 5.78996280e-09  5.78996280e-09 -6.84241590e-03 
 5.82996280e-09  5.82996280e-09 -3.55673299e-03 
 5.86996280e-09  5.86996280e-09 -2.89399556e-04 
 5.90996280e-09  5.90996280e-09  2.96181094e-03 
 5.94996280e-09  5.94996280e-09  6.19883431e-03 
 5.98996280e-09  5.98996280e-09  9.42335742e-03 
 6.02996280e-09  6.02996280e-09  1.26368542e-02 
 6.06996280e-09  6.06996280e-09  1.58406163e-02 
 6.10996280e-09  6.10996280e-09  1.90357781e-02 
 6.14996280e-09  6.14996280e-09  2.22233371e-02 
 6.18996280e-09  6.18996280e-09  2.54041702e-02 
 6.22996280e-09  6.22996280e-09  2.85790460e-02 
 6.26996280e-09  6.26996280e-09  3.17486348e-02 
 6.30996280e-09  6.30996280e-09  3.49135160e-02 
 6.34996280e-09  6.34996280e-09  3.80743591e-02 
 6.38996280e-09  6.38996280e-09  4.12316021e-02 
 6.42996280e-09  6.42996280e-09  4.43854354e-02 
 6.46996280e-09  6.46996280e-09  4.75360819e-02 
 6.50996280e-09  6.50996280e-09  5.06837537e-02 
 6.54996280e-09  6.54996280e-09  5.38286221e-02 
 6.58996280e-09  6.58996280e-09  5.69708133e-02 
 6.62996280e-09  6.62996280e-09  6.01104115e-02 
 6.66996280e-09  6.66996280e-09  6.32474615e-02 
 6.70996280e-09  6.70996280e-09  6.63819701e-02 
 6.74996280e-09  6.74996280e-09  6.95139057e-02 
 6.78996280e-09  6.78996280e-09  7.26431978e-02 
 6.82996280e-09  6.82996280e-09  7.57697349e-02 
 6.86996280e-09  6.86996280e-09  7.88933623e-02 
 6.90996280e-09  6.90996280e-09  8.20138786e-02 
 6.94996280e-09  6.94996280e-09  8.51310325e-02 
 6.98996280e-09  6.98996280e-09  8.82445178e-02 
 7.02996280e-09  7.02996280e-09  9.13539687e-02 
 7.06996280e-09  7.06996280e-09  9.44589535e-02 
 7.10996280e-09  7.10996280e-09  9.75589678e-02 
 7.14996280e-09  7.14996280e-09  1.00653427e-01 
 7.18996280e-09  7.18996280e-09  1.03741656e-01 
 7.22996280e-09  7.22996280e-09  1.06822882e-01 
 7.26996280e-09  7.26996280e-09  1.09896220e-01 
 7.30996280e-09  7.30996280e-09  1.12960660e-01 
 7.34996280e-09  7.34996280e-09  1.16015051e-01 
 7.38996280e-09  7.38996280e-09  1.19058087e-01 
 7.42996280e-09  7.42996280e-09  1.22088279e-01 
 7.46996280e-09  7.46996280e-09  1.25103933e-01 
 7.50996280e-09  7.50996280e-09  1.28103120e-01 
 7.54996280e-09  7.54996280e-09  1.31083626e-01 
 7.58996280e-09  7.58996280e-09  1.34042908e-01 
 7.62996280e-09  7.62996280e-09  1.36978023e-01 
 7.66996280e-09  7.66996280e-09  1.39885539e-01 
 7.70996280e-09  7.70996280e-09  1.42761445e-01 
 7.74996280e-09  7.74996280e-09  1.45601078e-01 
 7.78996280e-09  7.78996280e-09  1.48399225e-01 
 7.82996280e-09  7.82996280e-09  1.51150880e-01 
 7.86996280e-09  7.86996280e-09  1.53854346e-01 
 7.90996280e-09  7.90996280e-09  1.56522899e-01 
 7.94996280e-09  7.94996280e-09  1.59231685e-01 
 7.98996280e-09  7.98996280e-09  1.62368356e-01 
 8.02996280e-09  8.02996280e-09  2.44318601e-01 
 8.06996280e-09  8.06996280e-09  1.14636885e-01 
 8.10996280e-09  8.10996280e-09  6.92667565e-02 
 8.14996280e-09  8.14996280e-09  5.83852708e-02 
 8.18996280e-09  8.18996280e-09  5.62865798e-02 
 8.22996280e-09  8.22996280e-09  5.73708020e-02 
 8.26996280e-09  8.26996280e-09  5.98199645e-02 
 8.30996280e-09  8.30996280e-09  6.27471409e-02 
 8.34996280e-09  8.34996280e-09  6.58174888e-02 
 8.38996280e-09  8.38996280e-09  6.89284188e-02 
 8.42996280e-09  8.42996280e-09  7.20507039e-02 
 8.46996280e-09  8.46996280e-09  7.51751726e-02 
 8.50996280e-09  8.50996280e-09  7.82984978e-02 
 8.54996280e-09  8.54996280e-09  8.14193408e-02 
 8.58996280e-09  8.58996280e-09  8.45370650e-02 
 8.62996280e-09  8.62996280e-09  8.76512453e-02 
 8.66996280e-09  8.66996280e-09  9.07614862e-02 
 8.70996280e-09  8.70996280e-09  9.38673556e-02 
 8.74996280e-09  8.74996280e-09  9.69683588e-02 
 8.78996280e-09  8.78996280e-09  1.00063926e-01 
 8.82996280e-09  8.82996280e-09  1.03153399e-01 
 8.86996280e-09  8.86996280e-09  1.06236025e-01 
 8.90996280e-09  8.90996280e-09  1.09310941e-01 
 8.94996280e-09  8.94996280e-09  1.12377161e-01 
 8.98996280e-09  8.98996280e-09  1.15433564e-01 
 9.02996280e-09  9.02996280e-09  1.18478873e-01 
 9.06996280e-09  9.06996280e-09  1.21511638e-01 
 9.10996280e-09  9.10996280e-09  1.24530205e-01 
 9.14996280e-09  9.14996280e-09  1.27532693e-01 
 9.18996280e-09  9.18996280e-09  1.30516945e-01 
 9.22996280e-09  9.22996280e-09  1.33480488e-01 
 9.26996280e-09  9.26996280e-09  1.36420459e-01 
 9.30996280e-09  9.30996280e-09  1.39333527e-01 
 9.34996280e-09  9.34996280e-09  1.42215799e-01 
 9.38996280e-09  9.38996280e-09  1.45062737e-01 
 9.42996280e-09  9.42996280e-09  1.47869206e-01 
 9.46996280e-09  9.46996280e-09  1.50630035e-01 
 9.50996280e-09  9.50996280e-09  1.53342418e-01 
 9.54996280e-09  9.54996280e-09  1.56014963e-01 
 9.58996280e-09  9.58996280e-09  1.58703217e-01 
 9.62996280e-09  9.62996280e-09  1.61684294e-01 
 9.66996280e-09  9.66996280e-09  1.68574579e-01 
 9.70996280e-09  9.70996280e-09  2.41566201e-01 
 9.74996280e-09  9.74996280e-09  1.16261200e-01 
 9.78996280e-09  9.78996280e-09  7.22271792e-02 
 9.82996280e-09  9.82996280e-09  6.18007510e-02 
 9.86996280e-09  9.86996280e-09  5.98632403e-02 
 9.90996280e-09  9.90996280e-09  6.10008654e-02 
 9.94996280e-09  9.94996280e-09  6.34651903e-02 
 9.98996280e-09  9.98996280e-09  6.63952898e-02 
 1.00299628e-08  1.00299628e-08  6.94647164e-02 
 1.00699628e-08  1.00699628e-08  7.25733130e-02 
 1.01099628e-08  1.01099628e-08  7.56926503e-02 
 1.01499628e-08  1.01499628e-08  7.88138286e-02 
 1.01899628e-08  1.01899628e-08  8.19335819e-02 
 1.02299628e-08  1.02299628e-08  8.50505505e-02 
 1.02699628e-08  1.02699628e-08  8.81640453e-02 
 1.03099628e-08  1.03099628e-08  9.12735760e-02 
 1.03499628e-08  1.03499628e-08  9.43786724e-02 
 1.03899628e-08  1.03899628e-08  9.74788189e-02 
 1.04299628e-08  1.04299628e-08  1.00573429e-01 
 1.04699628e-08  1.04699628e-08  1.03661828e-01 
 1.05099628e-08  1.05099628e-08  1.06743246e-01 
 1.05499628e-08  1.05499628e-08  1.09816800e-01 
 1.05899628e-08  1.05899628e-08  1.12881484e-01 
 1.06299628e-08  1.06299628e-08  1.15936151e-01 
 1.06699628e-08  1.06699628e-08  1.18979498e-01 
 1.07099628e-08  1.07099628e-08  1.22010043e-01 
 1.07499628e-08  1.07499628e-08  1.25026097e-01 
 1.07899628e-08  1.07899628e-08  1.28025736e-01 
 1.08299628e-08  1.08299628e-08  1.31006756e-01 
 1.08699628e-08  1.08699628e-08  1.33966623e-01 
 1.09099628e-08  1.09099628e-08  1.36902404e-01 
 1.09499628e-08  1.09499628e-08  1.39810682e-01 
 1.09899628e-08  1.09899628e-08  1.42687462e-01 
 1.10299628e-08  1.10299628e-08  1.45528097e-01 
 1.10699628e-08  1.10699628e-08  1.48327385e-01 
 1.11099628e-08  1.11099628e-08  1.51080291e-01 
 1.11499628e-08  1.11499628e-08  1.53784950e-01 
 1.11899628e-08  1.11899628e-08  1.56453926e-01 
 1.12299628e-08  1.12299628e-08  1.59159361e-01 
 1.12699628e-08  1.12699628e-08  1.62271204e-01 
 1.13099628e-08  1.13099628e-08  2.44360270e-01 
 1.13499628e-08  1.13499628e-08  1.14606378e-01 
 1.13899628e-08  1.13899628e-08  6.92148088e-02 
 1.14299628e-08  1.14299628e-08  5.83257660e-02 
 1.14699628e-08  1.14699628e-08  5.62243486e-02 
 1.15099628e-08  1.15099628e-08  5.73076878e-02 
 1.15499628e-08  1.15499628e-08  5.97566089e-02 
 1.15899628e-08  1.15899628e-08  6.26837419e-02 
 1.16299628e-08  1.16299628e-08  6.57541073e-02 
 1.16699628e-08  1.16699628e-08  6.88650775e-02 
 1.17099628e-08  1.17099628e-08  7.19874126e-02 
 1.17499628e-08  1.17499628e-08  7.51119366e-02 
 1.17899628e-08  1.17899628e-08  7.82353213e-02 
 1.18299628e-08  1.18299628e-08  8.13562285e-02 
 1.18699628e-08  1.18699628e-08  8.44740223e-02 
 1.19099628e-08  1.19099628e-08  8.75882789e-02 
 1.19499628e-08  1.19499628e-08  9.06986038e-02 
 1.19899628e-08  1.19899628e-08  9.38045663e-02 
 1.20299628e-08  1.20299628e-08  9.69056735e-02 
 1.20699628e-08  1.20699628e-08  1.00001357e-01 
 1.21099628e-08  1.21099628e-08  1.03090960e-01 
 1.21499628e-08  1.21499628e-08  1.06173733e-01 
 1.21899628e-08  1.21899628e-08  1.09248814e-01 
 1.22299628e-08  1.22299628e-08  1.12315221e-01 
 1.22699628e-08  1.22699628e-08  1.15371834e-01 
 1.23099628e-08  1.23099628e-08  1.18417382e-01 
 1.23499628e-08  1.23499628e-08  1.21450416e-01 
 1.23899628e-08  1.23899628e-08  1.24469289e-01 
 1.24299628e-08  1.24299628e-08  1.27472122e-01 
 1.24699628e-08  1.24699628e-08  1.30456766e-01 
 1.25099628e-08  1.25099628e-08  1.33420755e-01 
 1.25499628e-08  1.25499628e-08  1.36361234e-01 
 1.25899628e-08  1.25899628e-08  1.39274883e-01 
 1.26299628e-08  1.26299628e-08  1.42157821e-01 
 1.26699628e-08  1.26699628e-08  1.45005523e-01 
 1.27099628e-08  1.27099628e-08  1.47812864e-01 
 1.27499628e-08  1.27499628e-08  1.50574660e-01 
 1.27899628e-08  1.27899628e-08  1.53288005e-01 
 1.28299628e-08  1.28299628e-08  1.55961081e-01 
 1.28699628e-08  1.28699628e-08  1.58647666e-01 
 1.29099628e-08  1.29099628e-08  1.61615460e-01 
 1.29499628e-08  1.29499628e-08  1.68001693e-01 
 1.29899628e-08  1.29899628e-08  2.41804008e-01 
 1.30299628e-08  1.30299628e-08  1.16151422e-01 
 1.30699628e-08  1.30699628e-08  7.20092594e-02 
 1.31099628e-08  1.31099628e-08  6.15470874e-02 
 1.31499628e-08  1.31499628e-08  5.95969956e-02 
 1.31899628e-08  1.31899628e-08  6.07303471e-02 
 1.32299628e-08  1.32299628e-08  6.31934198e-02 
 1.32699628e-08  1.32699628e-08  6.61232633e-02 
 1.33099628e-08  1.33099628e-08  6.91927503e-02 
 1.33499628e-08  1.33499628e-08  7.23015219e-02 
 1.33899628e-08  1.33899628e-08  7.54210844e-02 
 1.34299628e-08  1.34299628e-08  7.85425162e-02 
 1.34699628e-08  1.34699628e-08  8.16625465e-02 
 1.35099628e-08  1.35099628e-08  8.47798173e-02 
 1.35499628e-08  1.35499628e-08  8.78936434e-02 
 1.35899628e-08  1.35899628e-08  9.10035398e-02 
 1.36299628e-08  1.36299628e-08  9.41090420e-02 
 1.36699628e-08  1.36699628e-08  9.72096411e-02 
 1.37099628e-08  1.37099628e-08  1.00304757e-01 
 1.37499628e-08  1.37499628e-08  1.03393726e-01 
 1.37899628e-08  1.37899628e-08  1.06475784e-01 
 1.38299628e-08  1.38299628e-08  1.09550059e-01 
 1.38699628e-08  1.38699628e-08  1.12615557e-01 
 1.39099628e-08  1.39099628e-08  1.15671144e-01 
 1.39499628e-08  1.39499628e-08  1.18715531e-01 
 1.39899628e-08  1.39899628e-08  1.21747252e-01 
 1.40299628e-08  1.40299628e-08  1.24764638e-01 
 1.40699628e-08  1.40699628e-08  1.27765786e-01 
 1.41099628e-08  1.41099628e-08  1.30748519e-01 
 1.41499628e-08  1.41499628e-08  1.33710335e-01 
 1.41899628e-08  1.41899628e-08  1.36648336e-01 
 1.42299628e-08  1.42299628e-08  1.39559154e-01 
 1.42699628e-08  1.42699628e-08  1.42438846e-01 
 1.43099628e-08  1.43099628e-08  1.45282822e-01 
 1.43499628e-08  1.43499628e-08  1.48085915e-01 
 1.43899628e-08  1.43899628e-08  1.50843010e-01 
 1.44299628e-08  1.44299628e-08  1.53551715e-01 
 1.44699628e-08  1.44699628e-08  1.56222396e-01 
 1.45099628e-08  1.45099628e-08  1.58917931e-01 
 1.45499628e-08  1.45499628e-08  1.61955426e-01 
 1.45899628e-08  1.45899628e-08  2.44493206e-01 
 1.46299628e-08  1.46299628e-08  1.14508992e-01 
 1.46699628e-08  1.46699628e-08  6.90486558e-02 
 1.47099628e-08  1.47099628e-08  5.81367734e-02 
 1.47499628e-08  1.47499628e-08  5.60274322e-02 
 1.47899628e-08  1.47899628e-08  5.71080789e-02 
 1.48299628e-08  1.48299628e-08  5.95562156e-02 
 1.48699628e-08  1.48699628e-08  6.24832006e-02 
 1.49099628e-08  1.49099628e-08  6.55536210e-02 
 1.49499628e-08  1.49499628e-08  6.86647190e-02 
 1.49899628e-08  1.49899628e-08  7.17872122e-02 
 1.50299628e-08  1.50299628e-08  7.49119106e-02 
 1.50699628e-08  1.50699628e-08  7.80354832e-02 
 1.51099628e-08  1.51099628e-08  8.11565928e-02 
 1.51499628e-08  1.51499628e-08  8.42746061e-02 
 1.51899628e-08  1.51899628e-08  8.73891029e-02 
 1.52299628e-08  1.52299628e-08  9.04996925e-02 
 1.52699628e-08  1.52699628e-08  9.36059484e-02 
 1.53099628e-08  1.53099628e-08  9.67073825e-02 
 1.53499628e-08  1.53499628e-08  9.98034313e-02 
 1.53899628e-08  1.53899628e-08  1.02893446e-01 
 1.54299628e-08  1.54299628e-08  1.05976680e-01 
 1.54699628e-08  1.54699628e-08  1.09052281e-01 
 1.55099628e-08  1.55099628e-08  1.12119275e-01 
 1.55499628e-08  1.55499628e-08  1.15176552e-01 
 1.55899628e-08  1.55899628e-08  1.18222849e-01 
 1.56299628e-08  1.56299628e-08  1.21256731e-01 
 1.56699628e-08  1.56699628e-08  1.24276563e-01 
 1.57099628e-08  1.57099628e-08  1.27280484e-01 
 1.57499628e-08  1.57499628e-08  1.30266363e-01 
 1.57899628e-08  1.57899628e-08  1.33231754e-01 
 1.58299628e-08  1.58299628e-08  1.36173831e-01 
 1.58699628e-08  1.58699628e-08  1.39089307e-01 
 1.59099628e-08  1.59099628e-08  1.41974339e-01 
 1.59499628e-08  1.59499628e-08  1.44824444e-01 
 1.59899628e-08  1.59899628e-08  1.47634528e-01 
 1.60299628e-08  1.60299628e-08  1.50399373e-01 
 1.60699628e-08  1.60699628e-08  1.53115776e-01 
 1.61099628e-08  1.61099628e-08  1.55790650e-01 
 1.61499628e-08  1.61499628e-08  1.58472514e-01 
 1.61899628e-08  1.61899628e-08  1.61401605e-01 
 1.62299628e-08  1.62299628e-08  1.66877905e-01 
 1.62699628e-08  1.62699628e-08  2.42278599e-01 
 1.62749628e-08  1.62749628e-08  2.38239578e-01 
 1.62849628e-08  1.62849628e-08  1.67434346e-01 
 1.63049628e-08  1.63049628e-08  5.07953469e-02 
 1.63395878e-08  1.63395878e-08 -3.42809371e-02 
 1.63795878e-08  1.63795878e-08 -6.46976426e-02 
 1.64195878e-08  1.64195878e-08 -7.18777067e-02 
 1.64595878e-08  1.64595878e-08 -7.10015700e-02 
 1.64995878e-08  1.64995878e-08 -6.74910804e-02 
 1.65395878e-08  1.65395878e-08 -6.32909208e-02 
 1.65795878e-08  1.65795878e-08 -5.90123040e-02 
 1.66195878e-08  1.66195878e-08 -5.48245853e-02 
 1.66595878e-08  1.66595878e-08 -5.07629208e-02 
 1.66995878e-08  1.66995878e-08 -4.68231894e-02 
 1.67395878e-08  1.67395878e-08 -4.29912345e-02 
 1.67795878e-08  1.67795878e-08 -3.92519701e-02 
 1.68195878e-08  1.68195878e-08 -3.55919368e-02 
 1.68595878e-08  1.68595878e-08 -3.19997285e-02 
 1.68995878e-08  1.68995878e-08 -2.84658022e-02 
 1.69395878e-08  1.69395878e-08 -2.49821637e-02 
 1.69795878e-08  1.69795878e-08 -2.15420754e-02 
 1.70195878e-08  1.70195878e-08 -1.81398187e-02 
 1.70595878e-08  1.70595878e-08 -1.47705081e-02 
 1.70995878e-08  1.70995878e-08 -1.14299482e-02 
 1.71395878e-08  1.71395878e-08 -8.11452135e-03 
 1.71795878e-08  1.71795878e-08 -4.82109968e-03 
 1.72195878e-08  1.72195878e-08 -1.54697341e-03 
 1.72595878e-08  1.72595878e-08  1.71020846e-03 
 1.72995878e-08  1.72995878e-08  4.95248859e-03 
 1.73395878e-08  1.73395878e-08  8.18164520e-03 
 1.73795878e-08  1.73795878e-08  1.13992304e-02 
 1.74195878e-08  1.74195878e-08  1.46066029e-02 
 1.74595878e-08  1.74595878e-08  1.78049550e-02 
 1.74995878e-08  1.74995878e-08  2.09953348e-02 
 1.75395878e-08  1.75395878e-08  2.41786641e-02 
 1.75795878e-08  1.75795878e-08  2.73557519e-02 
 1.76195878e-08  1.76195878e-08  3.05273055e-02 
 1.76595878e-08  1.76595878e-08  3.36939384e-02 
 1.76995878e-08  1.76995878e-08  3.68563692e-02 
 1.77395878e-08  1.77395878e-08  4.00150453e-02 
 1.77795878e-08  1.77795878e-08  4.31701848e-02 
 1.78195878e-08  1.78195878e-08  4.63220358e-02 
 1.78595878e-08  1.78595878e-08  4.94708321e-02 
 1.78995878e-08  1.78995878e-08  5.26167640e-02 
 1.79395878e-08  1.79395878e-08  5.57599751e-02 
 1.79795878e-08  1.79795878e-08  5.89005653e-02 
 1.80195878e-08  1.80195878e-08  6.20385947e-02 
 1.80595878e-08  1.80595878e-08  6.51740845e-02 
 1.80995878e-08  1.80995878e-08  6.83070181e-02 
 1.81395878e-08  1.81395878e-08  7.14373400e-02 
 1.81795878e-08  1.81795878e-08  7.45649549e-02 
 1.82195878e-08  1.82195878e-08  7.76897251e-02 
 1.82595878e-08  1.82595878e-08  8.08114675e-02 
 1.82995878e-08  1.82995878e-08  8.39299506e-02 
 1.83395878e-08  1.83395878e-08  8.70448899e-02 
 1.83795878e-08  1.83795878e-08  9.01559432e-02 
 1.84195878e-08  1.84195878e-08  9.32627050e-02 
 1.84595878e-08  1.84595878e-08  9.63646998e-02 
 1.84995878e-08  1.84995878e-08  9.94613749e-02 
 1.85395878e-08  1.85395878e-08  1.02552091e-01 
 1.85795878e-08  1.85795878e-08  1.05636116e-01 
 1.86195878e-08  1.86195878e-08  1.08712606e-01 
 1.86595878e-08  1.86595878e-08  1.11780604e-01 
 1.86995878e-08  1.86995878e-08  1.14839014e-01 
 1.87395878e-08  1.87395878e-08  1.17886592e-01 
 1.87795878e-08  1.87795878e-08  1.20921924e-01 
 1.88195878e-08  1.88195878e-08  1.23943397e-01 
 1.88595878e-08  1.88595878e-08  1.26949176e-01 
 1.88995878e-08  1.88995878e-08  1.29937164e-01 
 1.89395878e-08  1.89395878e-08  1.32904952e-01 
 1.89795878e-08  1.89795878e-08  1.35849760e-01 
 1.90195878e-08  1.90195878e-08  1.38768355e-01 
 1.90595878e-08  1.90595878e-08  1.41656961e-01 
 1.90995878e-08  1.90995878e-08  1.44511169e-01 
 1.91395878e-08  1.91395878e-08  1.47325942e-01 
 1.91795878e-08  1.91795878e-08  1.50096018e-01 
 1.92195878e-08  1.92195878e-08  1.52817751e-01 
 1.92595878e-08  1.92595878e-08  1.55496108e-01 
 1.92995878e-08  1.92995878e-08  1.58171613e-01 
 1.93395878e-08  1.93395878e-08  1.61044210e-01 
 1.93795878e-08  1.93795878e-08  1.65679221e-01 
 1.94195878e-08  1.94195878e-08  2.42804479e-01 
 1.94595878e-08  1.94595878e-08  1.15618926e-01 
 1.94995878e-08  1.94995878e-08  7.10053786e-02 
 1.95395878e-08  1.95395878e-08  6.03779218e-02 
 1.95795878e-08  1.95795878e-08  5.83698564e-02 
 1.96195878e-08  1.96195878e-08  5.94841886e-02 
 1.96595878e-08  1.96595878e-08  6.19418638e-02 
 1.96995878e-08  1.96995878e-08  6.48706460e-02 
 1.97395878e-08  1.97395878e-08  6.79404335e-02 
 1.97795878e-08  1.97795878e-08  7.10500086e-02 
 1.98195878e-08  1.98195878e-08  7.41705956e-02 
 1.98595878e-08  1.98595878e-08  7.72931768e-02 
 1.98995878e-08  1.98995878e-08  8.04144596e-02 
 1.99395878e-08  1.99395878e-08  8.35330929e-02 
 1.99795878e-08  1.99795878e-08  8.66484103e-02 
 2.00195878e-08  2.00195878e-08  8.97599496e-02 
 2.00595878e-08  2.00595878e-08  9.28672727e-02 
 2.00995878e-08  2.00995878e-08  9.59699003e-02 
 2.01395878e-08  2.01395878e-08  9.90672853e-02 
 2.01795878e-08  2.01795878e-08  1.02158799e-01 
 2.02195878e-08  2.02195878e-08  1.05243720e-01 
 2.02595878e-08  2.02595878e-08  1.08321221e-01 
 2.02995878e-08  2.02995878e-08  1.11390358e-01 
 2.03395878e-08  2.03395878e-08  1.14450055e-01 
 2.03795878e-08  2.03795878e-08  1.17499088e-01 
 2.04195878e-08  2.04195878e-08  1.20536064e-01 
 2.04595878e-08  2.04595878e-08  1.23559399e-01 
 2.04995878e-08  2.04995878e-08  1.26567288e-01 
 2.05395878e-08  2.05395878e-08  1.29557669e-01 
 2.05795878e-08  2.05795878e-08  1.32528176e-01 
 2.06195878e-08  2.06195878e-08  1.35476080e-01 
 2.06595878e-08  2.06595878e-08  1.38398211e-01 
 2.06995878e-08  2.06995878e-08  1.41290868e-01 
 2.07395878e-08  2.07395878e-08  1.44149725e-01 
 2.07795878e-08  2.07795878e-08  1.46969816e-01 
 2.08195878e-08  2.08195878e-08  1.49745855e-01 
 2.08595878e-08  2.08595878e-08  1.52473776e-01 
 2.08995878e-08  2.08995878e-08  1.55156648e-01 
 2.09395878e-08  2.09395878e-08  1.57827246e-01 
 2.09795878e-08  2.09795878e-08  1.60648102e-01 
 2.10195878e-08  2.10195878e-08  1.64720953e-01 
 2.10595878e-08  2.10595878e-08  2.43241559e-01 
 2.10995878e-08  2.10995878e-08  1.15355169e-01 
 2.11395878e-08  2.11395878e-08  7.05268768e-02 
 2.11795878e-08  2.11795878e-08  5.98320654e-02 
 2.12195878e-08  2.12195878e-08  5.77997577e-02 
 2.12595878e-08  2.12595878e-08  5.89057719e-02 
 2.12995878e-08  2.12995878e-08  6.13610351e-02 
 2.13395878e-08  2.13395878e-08  6.42893511e-02 
 2.13795878e-08  2.13795878e-08  6.73592883e-02 
 2.14195878e-08  2.14195878e-08  7.04692372e-02 
 2.14595878e-08  2.14595878e-08  7.35902943e-02 
 2.14995878e-08  2.14995878e-08  7.67133997e-02 
 2.15395878e-08  2.15395878e-08  7.98352512e-02 
 2.15795878e-08  2.15795878e-08  8.29545015e-02 
 2.16195878e-08  2.16195878e-08  8.60704923e-02 
 2.16595878e-08  2.16595878e-08  8.91827720e-02 
 2.16995878e-08  2.16995878e-08  9.22909144e-02 
 2.17395878e-08  2.17395878e-08  9.53944532e-02 
 2.17795878e-08  2.17795878e-08  9.84928564e-02 
 2.18195878e-08  2.18195878e-08  1.01585512e-01 
 2.18595878e-08  2.18595878e-08  1.04671715e-01 
 2.18995878e-08  2.18995878e-08  1.07750661e-01 
 2.19395878e-08  2.19395878e-08  1.10821427e-01 
 2.19795878e-08  2.19795878e-08  1.13882964e-01 
 2.20195878e-08  2.20195878e-08  1.16934076e-01 
 2.20595878e-08  2.20595878e-08  1.19973404e-01 
 2.20995878e-08  2.20995878e-08  1.22999400e-01 
 2.21395878e-08  2.21395878e-08  1.26010303e-01 
 2.21795878e-08  2.21795878e-08  1.29004102e-01 
 2.22195878e-08  2.22195878e-08  1.31978492e-01 
 2.22595878e-08  2.22595878e-08  1.34930816e-01 
 2.22995878e-08  2.22995878e-08  1.37857993e-01 
 2.23395878e-08  2.23395878e-08  1.40756428e-01 
 2.23795878e-08  2.23795878e-08  1.43621915e-01 
 2.24195878e-08  2.24195878e-08  1.46449600e-01 
 2.24595878e-08  2.24595878e-08  1.49234198e-01 
 2.24995878e-08  2.24995878e-08  1.51971176e-01 
 2.25395878e-08  2.25395878e-08  1.54661386e-01 
 2.25795878e-08  2.25795878e-08  1.57328565e-01 
 2.26195878e-08  2.26195878e-08  1.60093577e-01 
 2.26595878e-08  2.26595878e-08  1.63672125e-01 
 2.26995878e-08  2.26995878e-08  2.43729898e-01 
 2.27395878e-08  2.27395878e-08  1.15042662e-01 
 2.27795878e-08  2.27795878e-08  6.99711150e-02 
 2.28195878e-08  2.28195878e-08  5.91929784e-02 
 2.28595878e-08  2.28595878e-08  5.71311723e-02 
 2.28995878e-08  2.28995878e-08  5.82274719e-02 
 2.29395878e-08  2.29395878e-08  6.06799972e-02 
 2.29795878e-08  2.29795878e-08  6.36077952e-02 
 2.30195878e-08  2.30195878e-08  6.66779108e-02 
 2.30595878e-08  2.30595878e-08  6.97882943e-02 
 2.30995878e-08  2.30995878e-08  7.29098972e-02 
 2.31395878e-08  2.31395878e-08  7.60336097e-02 
 2.31795878e-08  2.31795878e-08  7.91561186e-02 
 2.32195878e-08  2.32195878e-08  8.22760805e-02 
 2.32595878e-08  2.32595878e-08  8.53928467e-02 
 2.32995878e-08  2.32995878e-08  8.85059775e-02 
 2.33395878e-08  2.33395878e-08  9.16150604e-02 
 2.33795878e-08  2.33795878e-08  9.47196445e-02 
 2.34195878e-08  2.34195878e-08  9.78192145e-02 
 2.34595878e-08  2.34595878e-08  1.00913177e-01 
 2.34995878e-08  2.34995878e-08  1.04000849e-01 
 2.35395878e-08  2.35395878e-08  1.07081448e-01 
 2.35795878e-08  2.35795878e-08  1.10154079e-01 
 2.36195878e-08  2.36195878e-08  1.13217720e-01 
 2.36595878e-08  2.36595878e-08  1.16271210e-01 
 2.36995878e-08  2.36995878e-08  1.19313226e-01 
 2.37395878e-08  2.37395878e-08  1.22342265e-01 
 2.37795878e-08  2.37795878e-08  1.25356614e-01 
 2.38195878e-08  2.38195878e-08  1.28354320e-01 
 2.38595878e-08  2.38595878e-08  1.31333145e-01 
 2.38995878e-08  2.38995878e-08  1.34290516e-01 
 2.39395878e-08  2.39395878e-08  1.37223451e-01 
 2.39795878e-08  2.39795878e-08  1.40128475e-01 
 2.40195878e-08  2.40195878e-08  1.43001521e-01 
 2.40595878e-08  2.40595878e-08  1.45837874e-01 
 2.40995878e-08  2.40995878e-08  1.48632292e-01 
 2.41395878e-08  2.41395878e-08  1.51379873e-01 
 2.41795878e-08  2.41795878e-08  1.54079520e-01 
 2.42195878e-08  2.42195878e-08  1.56746994e-01 
 2.42595878e-08  2.42595878e-08  1.59468070e-01 
 2.42995878e-08  2.42995878e-08  1.62704081e-01 
 2.43395878e-08  2.43395878e-08  2.44171839e-01 
 2.43795878e-08  2.43795878e-08  1.14739805e-01 
 2.44195878e-08  2.44195878e-08  6.94438134e-02 
 2.44595878e-08  2.44595878e-08  5.85881800e-02 
 2.44995878e-08  2.44995878e-08  5.64987824e-02 
 2.45395878e-08  2.45395878e-08  5.75860464e-02 
 2.45795878e-08  2.45795878e-08  6.00360517e-02 
 2.46195878e-08  2.46195878e-08  6.29633827e-02 
 2.46595878e-08  2.46595878e-08  6.60336720e-02 
 2.46995878e-08  2.46995878e-08  6.91444651e-02 
 2.47395878e-08  2.47395878e-08  7.22665796e-02 
 2.47795878e-08  2.47795878e-08  7.53908594e-02 
 2.48195878e-08  2.48195878e-08  7.85139809e-02 
 2.48595878e-08  2.48595878e-08  8.16346043e-02 
 2.48995878e-08  2.48995878e-08  8.47520899e-02 
 2.49395878e-08  2.49395878e-08  8.78660091e-02 
 2.49795878e-08  2.49795878e-08  9.09759621e-02 
 2.50195878e-08  2.50195878e-08  9.40815121e-02 
 2.50595878e-08  2.50595878e-08  9.71821594e-02 
 2.50995878e-08  2.50995878e-08  1.00277328e-01 
 2.51395878e-08  2.51395878e-08  1.03366354e-01 
 2.51795878e-08  2.51795878e-08  1.06448477e-01 
 2.52195878e-08  2.52195878e-08  1.09522826e-01 
 2.52595878e-08  2.52595878e-08  1.12588406e-01 
 2.52995878e-08  2.52995878e-08  1.15644086e-01 
 2.53395878e-08  2.53395878e-08  1.18688579e-01 
 2.53795878e-08  2.53795878e-08  1.21720419e-01 
 2.54195878e-08  2.54195878e-08  1.24737941e-01 
 2.54595878e-08  2.54595878e-08  1.27739242e-01 
 2.54995878e-08  2.54995878e-08  1.30722149e-01 
 2.55395878e-08  2.55395878e-08  1.33684162e-01 
 2.55795878e-08  2.55795878e-08  1.36622389e-01 
 2.56195878e-08  2.56195878e-08  1.39533464e-01 
 2.56595878e-08  2.56595878e-08  1.42413451e-01 
 2.56995878e-08  2.56995878e-08  1.45257767e-01 
 2.57395878e-08  2.57395878e-08  1.48061246e-01 
 2.57795878e-08  2.57795878e-08  1.50818767e-01 
 2.58195878e-08  2.58195878e-08  1.53527889e-01 
 2.58595878e-08  2.58595878e-08  1.56198767e-01 
 2.58995878e-08  2.58995878e-08  1.58893400e-01 
 2.59395878e-08  2.59395878e-08  1.61924017e-01 
 2.59795878e-08  2.59795878e-08  2.44505270e-01 
 2.60195878e-08  2.60195878e-08  1.14510878e-01 
 2.60595878e-08  2.60595878e-08  6.90480758e-02 
 2.60995878e-08  2.60995878e-08  5.81354161e-02 
 2.61395878e-08  2.61395878e-08  5.60257829e-02 
 2.61795878e-08  2.61795878e-08  5.71063025e-02 
 2.62195878e-08  2.62195878e-08  5.95543926e-02 
 2.62595878e-08  2.62595878e-08  6.24813639e-02 
 2.62995878e-08  2.62995878e-08  6.55517813e-02 
 2.63395878e-08  2.63395878e-08  6.86628793e-02 
 2.63795878e-08  2.63795878e-08  7.17853736e-02 
 2.64195878e-08  2.64195878e-08  7.49100735e-02 
 2.64595878e-08  2.64595878e-08  7.80336477e-02 
 2.64995878e-08  2.64995878e-08  8.11547591e-02 
 2.65395878e-08  2.65395878e-08  8.42727745e-02 
 2.65795878e-08  2.65795878e-08  8.73872735e-02 
 2.66195878e-08  2.66195878e-08  9.04978655e-02 
 2.66595878e-08  2.66595878e-08  9.36041241e-02 
 2.66995878e-08  2.66995878e-08  9.67055612e-02 
 2.67395878e-08  2.67395878e-08  9.98016134e-02 
 2.67795878e-08  2.67795878e-08  1.02891632e-01 
 2.68195878e-08  2.68195878e-08  1.05974870e-01 
 2.68595878e-08  2.68595878e-08  1.09050476e-01 
 2.68995878e-08  2.68995878e-08  1.12117475e-01 
 2.69395878e-08  2.69395878e-08  1.15174758e-01 
 2.69795878e-08  2.69795878e-08  1.18221062e-01 
 2.70195878e-08  2.70195878e-08  1.21254952e-01 
 2.70595878e-08  2.70595878e-08  1.24274793e-01 
 2.70995878e-08  2.70995878e-08  1.27278723e-01 
 2.71395878e-08  2.71395878e-08  1.30264614e-01 
 2.71795878e-08  2.71795878e-08  1.33230018e-01 
 2.72195878e-08  2.72195878e-08  1.36172110e-01 
 2.72595878e-08  2.72595878e-08  1.39087602e-01 
 2.72995878e-08  2.72995878e-08  1.41972653e-01 
 2.73395878e-08  2.73395878e-08  1.44822780e-01 
 2.73795878e-08  2.73795878e-08  1.47632889e-01 
 2.74195878e-08  2.74195878e-08  1.50397762e-01 
 2.74595878e-08  2.74595878e-08  1.53114194e-01 
 2.74995878e-08  2.74995878e-08  1.55789084e-01 
 2.75395878e-08  2.75395878e-08  1.58470909e-01 
 2.75795878e-08  2.75795878e-08  1.61399666e-01 
 2.76195878e-08  2.76195878e-08  1.66869837e-01 
 2.76595878e-08  2.76595878e-08  2.42282133e-01 
 2.76645878e-08  2.76645878e-08  2.38248239e-01 
 2.76745878e-08  2.76745878e-08  1.67453839e-01 
 2.76945878e-08  2.76945878e-08  5.07960980e-02 
 2.77292155e-08  2.77292155e-08 -3.43029950e-02 
 2.77692155e-08  2.77692155e-08 -6.47244015e-02 
 2.78092155e-08  2.78092155e-08 -7.19046171e-02 
 2.78492155e-08  2.78492155e-08 -7.10272696e-02 
 2.78892155e-08  2.78892155e-08 -6.75153674e-02 
 2.79292155e-08  2.79292155e-08 -6.33139273e-02 
 2.79692155e-08  2.79692155e-08 -5.90342276e-02 
 2.80092155e-08  2.80092155e-08 -5.48456114e-02 
 2.80492155e-08  2.80492155e-08 -5.07832041e-02 
 2.80892155e-08  2.80892155e-08 -4.68428548e-02 
 2.81292155e-08  2.81292155e-08 -4.30103822e-02 
 2.81692155e-08  2.81692155e-08 -3.92706807e-02 
 2.82092155e-08  2.82092155e-08 -3.56102757e-02 
 2.82492155e-08  2.82492155e-08 -3.20177493e-02 
 2.82892155e-08  2.82892155e-08 -2.84835493e-02 
 2.83292155e-08  2.83292155e-08 -2.49996742e-02 
 2.83692155e-08  2.83692155e-08 -2.15593807e-02 
 2.84092155e-08  2.84092155e-08 -1.81569455e-02 
 2.84492155e-08  2.84492155e-08 -1.47874793e-02 
 2.84892155e-08  2.84892155e-08 -1.14467835e-02 
 2.85292155e-08  2.85292155e-08 -8.13123775e-03 
 2.85692155e-08  2.85692155e-08 -4.83771190e-03 
 2.86092155e-08  2.86092155e-08 -1.56349421e-03 
 2.86492155e-08  2.86492155e-08  1.69376802e-03 
 2.86892155e-08  2.86892155e-08  4.93611886e-03 
 2.87292155e-08  2.87292155e-08  8.16533779e-03 
 2.87692155e-08  2.87692155e-08  1.13829780e-02 
 2.88092155e-08  2.88092155e-08  1.45903990e-02 
 2.88492155e-08  2.88492155e-08  1.77887940e-02 
 2.88892155e-08  2.88892155e-08  2.09792117e-02 
 2.89292155e-08  2.89292155e-08  2.41625745e-02 
 2.89692155e-08  2.89692155e-08  2.73396921e-02 
 2.90092155e-08  2.90092155e-08  3.05112720e-02 
 2.90492155e-08  2.90492155e-08  3.36779284e-02 
 2.90892155e-08  2.90892155e-08  3.68403805e-02 
 2.91292155e-08  2.91292155e-08  3.99990758e-02 
 2.91692155e-08  2.91692155e-08  4.31542327e-02 
 2.92092155e-08  2.92092155e-08  4.63060998e-02 
 2.92492155e-08  2.92492155e-08  4.94549110e-02 
 2.92892155e-08  2.92892155e-08  5.26008570e-02 
 2.93292155e-08  2.93292155e-08  5.57440815e-02 
 2.93692155e-08  2.93692155e-08  5.88846849e-02 
 2.94092155e-08  2.94092155e-08  6.20227271e-02 
 2.94492155e-08  2.94492155e-08  6.51582298e-02 
 2.94892155e-08  2.94892155e-08  6.82911764e-02 
 2.95292155e-08  2.95292155e-08  7.14215118e-02 
 2.95692155e-08  2.95692155e-08  7.45491407e-02 
 2.96092155e-08  2.96092155e-08  7.76739256e-02 
 2.96492155e-08  2.96492155e-08  8.07956839e-02 
 2.96892155e-08  2.96892155e-08  8.39141841e-02 
 2.97292155e-08  2.97292155e-08  8.70291422e-02 
 2.97692155e-08  2.97692155e-08  9.01402161e-02 
 2.98092155e-08  2.98092155e-08  9.32470008e-02 
 2.98492155e-08  2.98492155e-08  9.63490210e-02 
 2.98892155e-08  2.98892155e-08  9.94457245e-02 
 2.99292155e-08  2.99292155e-08  1.02536473e-01 
 2.99692155e-08  2.99692155e-08  1.05620533e-01 
 3.00000000e-08  3.00000000e-08  1.07988993e-01 
